5 0.26686507936507936 0.3333333333333333 0.025793650793650792 0.037037037037037035
5 0.2876984126984127 0.36243386243386244 0.026785714285714284 0.047619047619047616
5 0.31845238095238093 0.26455026455026454 0.02976190476190476 0.056878306878306875
4 0.2777777777777778 0.2804232804232804 0.050595238095238096 0.06349206349206349
4 0.3115079365079365 0.30423280423280424 0.04662698412698413 0.031746031746031744
4 0.3253968253968254 0.3386243386243386 0.0248015873015873 0.037037037037037035
3 0.07936507936507936 0.07142857142857142 0.10416666666666667 0.14285714285714285
0 0.1736111111111111 0.13756613756613756 0.19246031746031747 0.09523809523809523
1 0.39186507936507936 0.3148148148148148 0.03571428571428571 0.25
2 0.1349206349206349 0.3531746031746032 0.04662698412698413 0.23015873015873015
6 0.23511904761904762 0.27116402116402116 0.013888888888888888 0.018518518518518517