5 0.32142857142857145 0.3306878306878307 0.030753968253968252 0.06349206349206349
5 0.29365079365079366 0.3439153439153439 0.030753968253968252 0.04365079365079365
5 0.23809523809523808 0.23809523809523808 0.03571428571428571 0.037037037037037035
5 0.34523809523809523 0.26455026455026454 0.028769841269841268 0.037037037037037035
5 0.2698412698412698 0.24867724867724866 0.023809523809523808 0.046296296296296294
4 0.2638888888888889 0.29894179894179895 0.07043650793650794 0.04365079365079365
4 0.30357142857142855 0.2447089947089947 0.026785714285714284 0.06613756613756613
4 0.3551587301587302 0.31613756613756616 0.03273809523809524 0.06613756613756613
4 0.22023809523809523 0.3478835978835979 0.01984126984126984 0.026455026455026454
4 0.251984126984127 0.35978835978835977 0.020833333333333332 0.037037037037037035
4 0.25892857142857145 0.1970899470899471 0.04365079365079365 0.03968253968253968
3 0.4097222222222222 0.08862433862433862 0.10515873015873016 0.1402116402116402
0 0.12698412698412698 0.3544973544973545 0.17956349206349206 0.14285714285714285
1 0.3898809523809524 0.23809523809523808 0.21031746031746032 0.12169312169312169
2 0.17063492063492064 0.15476190476190477 0.10714285714285714 0.13756613756613756