5 0.23115079365079366 0.2777777777777778 0.03373015873015873 0.04365079365079365
5 0.27976190476190477 0.3386243386243386 0.028769841269841268 0.03835978835978836
5 0.3253968253968254 0.32275132275132273 0.04265873015873016 0.041005291005291
5 0.2698412698412698 0.20899470899470898 0.03273809523809524 0.042328042328042326
5 0.3472222222222222 0.2552910052910053 0.03273809523809524 0.03439153439153439
4 0.23809523809523808 0.22486772486772486 0.030753968253968252 0.056878306878306875
4 0.3531746031746032 0.30423280423280424 0.034722222222222224 0.06349206349206349
4 0.22817460317460317 0.3134920634920635 0.023809523809523808 0.026455026455026454
4 0.29365079365079366 0.24603174603174602 0.050595238095238096 0.026455026455026454
3 0.11011904761904762 0.082010582010582 0.09722222222222222 0.1283068783068783
0 0.21626984126984128 0.36243386243386244 0.15079365079365079 0.19047619047619047
1 0.3869047619047619 0.2275132275132275 0.18253968253968253 0.09126984126984126
2 0.14583333333333334 0.3148148148148148 0.1349206349206349 0.12301587301587301
6 0.22023809523809523 0.24074074074074073 0.010912698412698412 0.015873015873015872
6 0.35912698412698413 0.31216931216931215 0.011904761904761904 0.015873015873015872