5 0.2400793650793651 0.21957671957671956 0.03273809523809524 0.037037037037037035
5 0.2718253968253968 0.23015873015873015 0.028769841269841268 0.047619047619047616
5 0.34424603174603174 0.24735449735449735 0.02976190476190476 0.03968253968253968
5 0.29365079365079366 0.32936507936507936 0.031746031746031744 0.03439153439153439
5 0.32142857142857145 0.3148148148148148 0.027777777777777776 0.06878306878306878
4 0.26785714285714285 0.2857142857142857 0.07142857142857142 0.046296296296296294
4 0.3134920634920635 0.2328042328042328 0.04662698412698413 0.06878306878306878
4 0.3551587301587302 0.30158730158730157 0.03571428571428571 0.06878306878306878
3 0.4166666666666667 0.0701058201058201 0.10813492063492064 0.1402116402116402
0 0.12896825396825398 0.3412698412698413 0.18353174603174602 0.14285714285714285
1 0.39285714285714285 0.2208994708994709 0.2152777777777778 0.11904761904761904
2 0.16865079365079366 0.13756613756613756 0.11607142857142858 0.14814814814814814
6 0.35912698412698413 0.3055555555555556 0.011904761904761904 0.015873015873015872