5 0.3115079365079365 0.32275132275132273 0.03373015873015873 0.04894179894179894
5 0.2837301587301587 0.3888888888888889 0.027777777777777776 0.042328042328042326
5 0.251984126984127 0.26587301587301587 0.030753968253968252 0.04497354497354497
5 0.251984126984127 0.20899470899470898 0.034722222222222224 0.05291005291005291
5 0.2777777777777778 0.2222222222222222 0.016865079365079364 0.037037037037037035
4 0.29365079365079366 0.2698412698412698 0.047619047619047616 0.05423280423280423
4 0.30357142857142855 0.20899470899470898 0.026785714285714284 0.0701058201058201
4 0.28075396825396826 0.18518518518518517 0.017857142857142856 0.031746031746031744
3 0.41369047619047616 0.11375661375661375 0.10912698412698413 0.1111111111111111
0 0.1865079365079365 0.36507936507936506 0.1974206349206349 0.12698412698412698
1 0.3888888888888889 0.2791005291005291 0.14484126984126985 0.17195767195767195
2 0.17063492063492064 0.18253968253968253 0.09226190476190477 0.19576719576719576