5 0.2777777777777778 0.3187830687830688 0.028769841269841268 0.03439153439153439
5 0.2986111111111111 0.34656084656084657 0.02976190476190476 0.046296296296296294
5 0.3323412698412698 0.25132275132275134 0.025793650793650792 0.047619047619047616
4 0.2906746031746032 0.2671957671957672 0.05357142857142857 0.06481481481481481
4 0.32341269841269843 0.3002645502645503 0.060515873015873016 0.03968253968253968
4 0.3402777777777778 0.3306878306878307 0.021825396825396824 0.01984126984126984
3 0.0992063492063492 0.08333333333333333 0.09623015873015874 0.13227513227513227
0 0.19047619047619047 0.1349206349206349 0.17956349206349206 0.10582010582010581
1 0.4126984126984127 0.2962962962962963 0.04365079365079365 0.2619047619047619
2 0.15079365079365079 0.335978835978836 0.04662698412698413 0.20899470899470898
6 0.24801587301587302 0.2605820105820106 0.017857142857142856 0.018518518518518517