5 0.34325396825396826 0.26587301587301587 0.03571428571428571 0.037037037037037035
5 0.2718253968253968 0.2923280423280423 0.034722222222222224 0.04497354497354497
5 0.25595238095238093 0.30687830687830686 0.026785714285714284 0.03835978835978836
5 0.2718253968253968 0.35185185185185186 0.030753968253968252 0.03571428571428571
5 0.3055555555555556 0.2962962962962963 0.034722222222222224 0.056878306878306875
4 0.3472222222222222 0.31216931216931215 0.051587301587301584 0.06349206349206349
4 0.2261904761904762 0.30687830687830686 0.03571428571428571 0.03306878306878307
4 0.26686507936507936 0.20105820105820105 0.025793650793650792 0.04365079365079365
4 0.2986111111111111 0.24074074074074073 0.041666666666666664 0.041005291005291
3 0.39880952380952384 0.09656084656084656 0.09523809523809523 0.1349206349206349
0 0.15873015873015872 0.40343915343915343 0.16964285714285715 0.15079365079365079
1 0.39186507936507936 0.23544973544973544 0.21626984126984128 0.10449735449735449
2 0.13690476190476192 0.32407407407407407 0.1378968253968254 0.12433862433862433
6 0.35714285714285715 0.32407407407407407 0.011904761904761904 0.018518518518518517