5 0.2222222222222222 0.26587301587301587 0.03373015873015873 0.03968253968253968
5 0.3412698412698413 0.24603174603174602 0.037698412698412696 0.031746031746031744
5 0.31845238095238093 0.3055555555555556 0.041666666666666664 0.047619047619047616
5 0.26785714285714285 0.3253968253968254 0.03373015873015873 0.042328042328042326
5 0.2628968253968254 0.1984126984126984 0.03373015873015873 0.046296296296296294
4 0.3492063492063492 0.2962962962962963 0.025793650793650792 0.06481481481481481
4 0.32936507936507936 0.2698412698412698 0.020833333333333332 0.021164021164021163
4 0.24801587301587302 0.2605820105820106 0.015873015873015872 0.023809523809523808
4 0.21825396825396826 0.3002645502645503 0.028769841269841268 0.03439153439153439
4 0.2261904761904762 0.21164021164021163 0.034722222222222224 0.062169312169312166
4 0.2837301587301587 0.23544973544973544 0.051587301587301584 0.026455026455026454
4 0.2896825396825397 0.29365079365079366 0.016865079365079364 0.03306878306878307
3 0.3968253968253968 0.082010582010582 0.09523809523809523 0.13756613756613756
0 0.20535714285714285 0.3584656084656085 0.15674603174603174 0.17724867724867724
1 0.38293650793650796 0.21957671957671956 0.2013888888888889 0.10978835978835978
2 0.1378968253968254 0.2962962962962963 0.13293650793650794 0.11375661375661375
6 0.21031746031746032 0.2275132275132275 0.011904761904761904 0.017195767195767195
6 0.3551587301587302 0.30158730158730157 0.01488095238095238 0.015873015873015872