5 0.2896825396825397 0.30423280423280424 0.03670634920634921 0.05423280423280423
5 0.25595238095238093 0.30158730158730157 0.03273809523809524 0.041005291005291
5 0.23809523809523808 0.3148148148148148 0.016865079365079364 0.03835978835978836
5 0.25496031746031744 0.35978835978835977 0.02976190476190476 0.03835978835978836
5 0.3273809523809524 0.2777777777777778 0.028769841269841268 0.037037037037037035
4 0.33035714285714285 0.328042328042328 0.04563492063492063 0.06349206349206349
4 0.2837301587301587 0.25396825396825395 0.031746031746031744 0.04365079365079365
3 0.3869047619047619 0.1111111111111111 0.09821428571428571 0.13227513227513227
0 0.13690476190476192 0.4126984126984127 0.18948412698412698 0.16534391534391535
1 0.36904761904761907 0.2552910052910053 0.1984126984126984 0.10582010582010581
2 0.16071428571428573 0.17724867724867724 0.1001984126984127 0.13095238095238096
6 0.3392857142857143 0.3333333333333333 0.011904761904761904 0.01984126984126984