5 0.21924603174603174 0.2605820105820106 0.03373015873015873 0.03968253968253968
5 0.25992063492063494 0.19047619047619047 0.03373015873015873 0.041005291005291
5 0.3392857142857143 0.23677248677248677 0.031746031746031744 0.03439153439153439
5 0.31845238095238093 0.2962962962962963 0.04563492063492063 0.04894179894179894
5 0.26587301587301587 0.31613756613756616 0.03273809523809524 0.03439153439153439
4 0.22420634920634921 0.2037037037037037 0.037698412698412696 0.06746031746031746
4 0.2569444444444444 0.15608465608465608 0.041666666666666664 0.026455026455026454
4 0.3501984126984127 0.28835978835978837 0.02976190476190476 0.06746031746031746
4 0.27976190476190477 0.22883597883597884 0.06448412698412699 0.03439153439153439
4 0.28174603174603174 0.28835978835978837 0.027777777777777776 0.01984126984126984
3 0.4007936507936508 0.07142857142857142 0.09325396825396826 0.14417989417989419
0 0.20634920634920634 0.3386243386243386 0.15079365079365079 0.17989417989417988
1 0.38293650793650796 0.21031746031746032 0.19444444444444445 0.09259259259259259
2 0.1349206349206349 0.291005291005291 0.1349206349206349 0.12566137566137567
6 0.20833333333333334 0.21957671957671956 0.011904761904761904 0.015873015873015872
6 0.22420634920634921 0.20634920634920634 0.007936507936507936 0.01455026455026455
6 0.3521825396825397 0.29365079365079366 0.00992063492063492 0.01455026455026455