5 0.22420634920634921 0.25396825396825395 0.031746031746031744 0.03835978835978836
5 0.2638888888888889 0.18915343915343916 0.031746031746031744 0.05026455026455026
5 0.3382936507936508 0.23412698412698413 0.031746031746031744 0.03439153439153439
5 0.26587301587301587 0.3002645502645503 0.022817460317460316 0.023809523809523808
5 0.3134920634920635 0.2830687830687831 0.028769841269841268 0.015873015873015872
4 0.23015873015873015 0.20105820105820105 0.03571428571428571 0.062169312169312166
4 0.3412698412698413 0.2724867724867725 0.03373015873015873 0.031746031746031744
4 0.2857142857142857 0.2830687830687831 0.022817460317460316 0.01984126984126984
4 0.28174603174603174 0.2261904761904762 0.051587301587301584 0.0291005291005291
3 0.3055555555555556 0.34656084656084657 0.08333333333333333 0.11772486772486772
0 0.2123015873015873 0.3386243386243386 0.14583333333333334 0.17592592592592593
1 0.38392857142857145 0.20634920634920634 0.2003968253968254 0.10978835978835978
2 0.14484126984126985 0.2830687830687831 0.1259920634920635 0.11507936507936507
6 0.21428571428571427 0.21825396825396826 0.011904761904761904 0.018518518518518517