5 0.22420634920634921 0.2843915343915344 0.031746031746031744 0.03439153439153439
5 0.2728174603174603 0.3439153439153439 0.02976190476190476 0.037037037037037035
5 0.2619047619047619 0.21428571428571427 0.03273809523809524 0.047619047619047616
5 0.3412698412698413 0.2605820105820106 0.031746031746031744 0.03439153439153439
5 0.31845238095238093 0.32671957671957674 0.041666666666666664 0.03968253968253968
4 0.23214285714285715 0.2328042328042328 0.027777777777777776 0.06613756613756613
4 0.34325396825396826 0.29365079365079366 0.047619047619047616 0.027777777777777776
4 0.2976190476190476 0.3002645502645503 0.023809523809523808 0.013227513227513227
4 0.2628968253968254 0.17989417989417988 0.03373015873015873 0.01984126984126984
4 0.251984126984127 0.27380952380952384 0.020833333333333332 0.018518518518518517
4 0.22123015873015872 0.31746031746031744 0.021825396825396824 0.026455026455026454
3 0.09722222222222222 0.0873015873015873 0.0992063492063492 0.13624338624338625
0 0.21428571428571427 0.36772486772486773 0.15773809523809523 0.2037037037037037
1 0.37896825396825395 0.23544973544973544 0.19345238095238096 0.09656084656084656
2 0.1388888888888889 0.3201058201058201 0.1388888888888889 0.13227513227513227
6 0.21329365079365079 0.2447089947089947 0.00992063492063492 0.018518518518518517
6 0.35119047619047616 0.3134920634920635 0.011904761904761904 0.013227513227513227