5 0.2896825396825397 0.30687830687830686 0.0248015873015873 0.03835978835978836
5 0.310515873015873 0.3386243386243386 0.02976190476190476 0.047619047619047616
5 0.34325396825396826 0.23941798941798942 0.031746031746031744 0.05026455026455026
4 0.2996031746031746 0.2566137566137566 0.051587301587301584 0.05952380952380952
4 0.31746031746031744 0.29894179894179895 0.022817460317460316 0.021164021164021163
4 0.34523809523809523 0.29894179894179895 0.034722222222222224 0.07275132275132275
3 0.10813492063492064 0.06878306878306878 0.09325396825396826 0.13227513227513227
0 0.2003968253968254 0.11772486772486772 0.1746031746031746 0.09788359788359788
1 0.4305555555555556 0.2857142857142857 0.04861111111111111 0.26455026455026454
2 0.15873015873015872 0.32407407407407407 0.03968253968253968 0.21428571428571427
6 0.25793650793650796 0.24867724867724866 0.013888888888888888 0.021164021164021163