5 0.25793650793650796 0.3915343915343915 0.023809523809523808 0.03571428571428571
5 0.22916666666666666 0.2751322751322751 0.023809523809523808 0.03571428571428571
5 0.2361111111111111 0.2261904761904762 0.023809523809523808 0.03439153439153439
5 0.29365079365079366 0.335978835978836 0.03968253968253968 0.042328042328042326
5 0.25992063492063494 0.23809523809523808 0.01488095238095238 0.037037037037037035
4 0.25793650793650796 0.29365079365079366 0.031746031746031744 0.07275132275132275
4 0.2876984126984127 0.2830687830687831 0.027777777777777776 0.05952380952380952
4 0.29464285714285715 0.22486772486772486 0.021825396825396824 0.056878306878306875
4 0.25793650793650796 0.2037037037037037 0.023809523809523808 0.026455026455026454
3 0.3869047619047619 0.09523809523809523 0.09027777777777778 0.1335978835978836
0 0.1765873015873016 0.3611111111111111 0.12698412698412698 0.09788359788359788
1 0.39186507936507936 0.3002645502645503 0.18055555555555555 0.20105820105820105
2 0.1746031746031746 0.2037037037037037 0.06349206349206349 0.17063492063492064
6 0.3115079365079365 0.3505291005291005 0.016865079365079364 0.018518518518518517