5 0.25992063492063494 0.328042328042328 0.022817460317460316 0.042328042328042326
5 0.20337301587301587 0.2896825396825397 0.02976190476190476 0.03439153439153439
5 0.251984126984127 0.21693121693121692 0.030753968253968252 0.04365079365079365
5 0.23015873015873015 0.2804232804232804 0.01984126984126984 0.03571428571428571
5 0.2996031746031746 0.32671957671957674 0.03968253968253968 0.047619047619047616
4 0.2767857142857143 0.27380952380952384 0.06547619047619048 0.06084656084656084
4 0.22123015873015872 0.2328042328042328 0.02976190476190476 0.05291005291005291
4 0.2222222222222222 0.3201058201058201 0.04662698412698413 0.03042328042328042
4 0.3343253968253968 0.32936507936507936 0.021825396825396824 0.03439153439153439
3 0.07539682539682539 0.08862433862433862 0.10218253968253968 0.1349206349206349
0 0.17261904761904762 0.1388888888888889 0.17956349206349206 0.11375661375661375
1 0.373015873015873 0.23544973544973544 0.20535714285714285 0.08994708994708994
2 0.12103174603174603 0.335978835978836 0.14186507936507936 0.15873015873015872