5 0.21626984126984128 0.2619047619047619 0.026785714285714284 0.037037037037037035
5 0.22123015873015872 0.20634920634920634 0.03373015873015873 0.03835978835978836
5 0.25595238095238093 0.3862433862433862 0.026785714285714284 0.04365079365079365
5 0.2876984126984127 0.32275132275132273 0.044642857142857144 0.04365079365079365
4 0.2361111111111111 0.29365079365079366 0.06349206349206349 0.022486772486772486
4 0.25496031746031744 0.32407407407407407 0.017857142857142856 0.03968253968253968
4 0.24801587301587302 0.25925925925925924 0.023809523809523808 0.041005291005291
4 0.2757936507936508 0.25132275132275134 0.030753968253968252 0.03439153439153439
3 0.39285714285714285 0.08068783068783068 0.1001984126984127 0.13756613756613756
0 0.1527777777777778 0.3611111111111111 0.17857142857142858 0.11904761904761904
1 0.375 0.2698412698412698 0.1736111111111111 0.18518518518518517
2 0.14484126984126985 0.17989417989417988 0.07936507936507936 0.20105820105820105