4 0.47619047619047616 0.5092592592592593 0.05853174603174603 0.11904761904761904
4 0.4027777777777778 0.6150793650793651 0.09722222222222222 0.0582010582010582
4 0.5426587301587301 0.5079365079365079 0.06746031746031746 0.09391534391534391
4 0.39880952380952384 0.43386243386243384 0.061507936507936505 0.13624338624338625
4 0.4603174603174603 0.3306878306878307 0.07539682539682539 0.051587301587301584
4 0.626984126984127 0.6190476190476191 0.07341269841269842 0.0992063492063492
4 0.4623015873015873 0.40476190476190477 0.06845238095238096 0.08994708994708994
4 0.373015873015873 0.5555555555555556 0.060515873015873016 0.062169312169312166
4 0.48214285714285715 0.6216931216931217 0.044642857142857144 0.08068783068783068
4 0.5515873015873016 0.6256613756613757 0.07539682539682539 0.09259259259259259
0 0.35714285714285715 0.20899470899470898 0.20932539682539683 0.1984126984126984
2 0.24107142857142858 0.6111111111111112 0.19444444444444445 0.23412698412698413
3 0.12400793650793651 0.18915343915343916 0.22420634920634921 0.21693121693121692
1 0.7281746031746031 0.43253968253968256 0.4513888888888889 0.18518518518518517
18 0.3680555555555556 0.47619047619047616 0.01984126984126984 0.03835978835978836