5 0.5029761904761905 0.4497354497354497 0.057539682539682536 0.07539682539682539
5 0.501984126984127 0.5502645502645502 0.05257936507936508 0.06481481481481481
5 0.628968253968254 0.6534391534391535 0.08630952380952381 0.08597883597883597
5 0.5634920634920635 0.7711640211640212 0.05654761904761905 0.07407407407407407
4 0.5813492063492064 0.4126984126984127 0.09226190476190477 0.08597883597883597
4 0.5853174603174603 0.5502645502645502 0.11011904761904762 0.11375661375661375
4 0.4990079365079365 0.5965608465608465 0.051587301587301584 0.03439153439153439
4 0.5674603174603174 0.6494708994708994 0.031746031746031744 0.07671957671957672
3 0.8015873015873016 0.24603174603174602 0.17063492063492064 0.22883597883597884
0 0.3888888888888889 0.7103174603174603 0.3194444444444444 0.2275132275132275
1 0.7857142857142857 0.582010582010582 0.3194444444444444 0.3478835978835979
2 0.37202380952380953 0.4113756613756614 0.13293650793650794 0.3201058201058201