5 0.5158730158730159 0.7857142857142857 0.0496031746031746 0.07275132275132275
5 0.4583333333333333 0.5502645502645502 0.047619047619047616 0.0701058201058201
5 0.4722222222222222 0.4523809523809524 0.04563492063492063 0.07142857142857142
5 0.5873015873015873 0.671957671957672 0.08035714285714286 0.082010582010582
5 0.5208333333333334 0.47619047619047616 0.02976190476190476 0.07539682539682539
4 0.5158730158730159 0.58994708994709 0.061507936507936505 0.14682539682539683
4 0.5753968253968254 0.5648148148148148 0.054563492063492064 0.11904761904761904
4 0.5892857142857143 0.4523809523809524 0.041666666666666664 0.11507936507936507
4 0.5158730158730159 0.4074074074074074 0.04861111111111111 0.05555555555555555
3 0.7757936507936508 0.19047619047619047 0.18154761904761904 0.26851851851851855
0 0.3531746031746032 0.7222222222222222 0.25595238095238093 0.19444444444444445
1 0.7837301587301587 0.6005291005291006 0.3611111111111111 0.4021164021164021
2 0.3492063492063492 0.4074074074074074 0.12896825396825398 0.3425925925925926