5 0.4781746031746032 0.421957671957672 0.06845238095238096 0.07671957671957672
5 0.4662698412698413 0.5145502645502645 0.0625 0.07936507936507936
5 0.6130952380952381 0.5582010582010583 0.06845238095238096 0.09391534391534391
5 0.5426587301587301 0.42063492063492064 0.041666666666666664 0.03835978835978836
5 0.5416666666666666 0.5621693121693122 0.060515873015873016 0.037037037037037035
4 0.5396825396825397 0.5026455026455027 0.07837301587301587 0.07936507936507936
4 0.6051587301587301 0.4656084656084656 0.05952380952380952 0.09656084656084656
3 0.8174603174603174 0.1931216931216931 0.19047619047619047 0.2526455026455027
0 0.2718253968253968 0.746031746031746 0.3611111111111111 0.26851851851851855
1 0.7876984126984127 0.5634920634920635 0.33035714285714285 0.35714285714285715
2 0.3333333333333333 0.38095238095238093 0.1626984126984127 0.38095238095238093