5 0.4593253968253968 0.3955026455026455 0.07936507936507936 0.10052910052910052
5 0.44841269841269843 0.5158730158730159 0.07341269841269842 0.07936507936507936
5 0.5853174603174603 0.6375661375661376 0.08630952380952381 0.09656084656084656
5 0.5257936507936508 0.7632275132275133 0.05952380952380952 0.09259259259259259
4 0.5158730158730159 0.5634920634920635 0.054563492063492064 0.20238095238095238
4 0.5793650793650794 0.5224867724867724 0.061507936507936505 0.12698412698412698
4 0.4523809523809524 0.582010582010582 0.0744047619047619 0.041005291005291
3 0.7976190476190477 0.16666666666666666 0.2152777777777778 0.27116402116402116
0 0.32242063492063494 0.7116402116402116 0.34523809523809523 0.2156084656084656
1 0.7698412698412699 0.544973544973545 0.3353174603174603 0.35714285714285715
2 0.30357142857142855 0.35714285714285715 0.15575396825396826 0.3888888888888889