5 0.5327380952380952 0.6666666666666666 0.051587301587301584 0.07539682539682539
5 0.5753968253968254 0.7248677248677249 0.05257936507936508 0.09391534391534391
5 0.6378968253968254 0.5304232804232805 0.05952380952380952 0.11375661375661375
4 0.5545634920634921 0.5621693121693122 0.10119047619047619 0.12698412698412698
4 0.6220238095238095 0.6084656084656085 0.09325396825396826 0.06481481481481481
4 0.6498015873015873 0.6772486772486772 0.0496031746031746 0.07407407407407407
3 0.16071428571428573 0.14285714285714285 0.20734126984126985 0.28703703703703703
0 0.3472222222222222 0.2751322751322751 0.38392857142857145 0.18915343915343916
1 0.7837301587301587 0.6283068783068783 0.07142857142857142 0.5
2 0.26785714285714285 0.7063492063492064 0.09424603174603174 0.46296296296296297
18 0.4712301587301587 0.5423280423280423 0.027777777777777776 0.03439153439153439