5 0.4523809523809524 0.39814814814814814 0.06349206349206349 0.09259259259259259
5 0.44841269841269843 0.5158730158730159 0.060515873015873016 0.09788359788359788
5 0.5793650793650794 0.6375661375661376 0.06845238095238096 0.07804232804232804
5 0.5228174603174603 0.7658730158730159 0.05555555555555555 0.09788359788359788
4 0.5426587301587301 0.5264550264550265 0.125 0.1349206349206349
4 0.5198412698412699 0.656084656084656 0.040674603174603176 0.12169312169312169
4 0.6785714285714286 0.626984126984127 0.06448412698412699 0.0701058201058201
4 0.5763888888888888 0.3888888888888889 0.09523809523809523 0.15079365079365079
3 0.8035714285714286 0.15608465608465608 0.20436507936507936 0.2605820105820106
0 0.32043650793650796 0.7037037037037037 0.35119047619047616 0.23412698412698413
1 0.7638888888888888 0.5476190476190477 0.3333333333333333 0.3888888888888889
2 0.30158730158730157 0.3412698412698413 0.15376984126984128 0.39814814814814814