5 0.4583333333333333 0.5687830687830688 0.0625 0.08597883597883597
5 0.5168650793650794 0.5582010582010583 0.051587301587301584 0.08068783068783068
5 0.5555555555555556 0.4312169312169312 0.05654761904761905 0.09126984126984126
5 0.5674603174603174 0.6587301587301587 0.060515873015873016 0.09391534391534391
5 0.6438492063492064 0.6666666666666666 0.07142857142857142 0.08994708994708994
4 0.48115079365079366 0.458994708994709 0.06746031746031746 0.12169312169312169
4 0.6150793650793651 0.5476190476190477 0.14186507936507936 0.12962962962962962
4 0.49206349206349204 0.6455026455026455 0.09126984126984126 0.05423280423280423
3 0.2261904761904762 0.12433862433862433 0.1974206349206349 0.25
0 0.39087301587301587 0.24338624338624337 0.3759920634920635 0.17063492063492064
1 0.7787698412698413 0.49074074074074076 0.3630952380952381 0.21693121693121692
2 0.26785714285714285 0.6455026455026455 0.3263888888888889 0.3082010582010582