5 0.6865079365079365 0.5317460317460317 0.06944444444444445 0.07407407407407407
5 0.5426587301587301 0.5846560846560847 0.06944444444444445 0.08862433862433862
5 0.5119047619047619 0.6111111111111112 0.05257936507936508 0.07539682539682539
5 0.5416666666666666 0.7037037037037037 0.0625 0.0701058201058201
5 0.6111111111111112 0.5925925925925926 0.06845238095238096 0.11243386243386243
4 0.6954365079365079 0.6256613756613757 0.10317460317460317 0.12698412698412698
4 0.45337301587301587 0.6164021164021164 0.07142857142857142 0.06481481481481481
4 0.5347222222222222 0.4007936507936508 0.051587301587301584 0.0873015873015873
4 0.5982142857142857 0.48148148148148145 0.08333333333333333 0.08068783068783068
3 0.7966269841269841 0.1931216931216931 0.19047619047619047 0.26851851851851855
0 0.31746031746031744 0.8068783068783069 0.3382936507936508 0.3002645502645503
1 0.7837301587301587 0.46825396825396826 0.43353174603174605 0.21031746031746032
2 0.2748015873015873 0.6468253968253969 0.2757936507936508 0.24867724867724866