5 0.4444444444444444 0.5317460317460317 0.06746031746031746 0.07671957671957672
5 0.6825396825396826 0.49206349206349204 0.07539682539682539 0.06349206349206349
5 0.6369047619047619 0.6111111111111112 0.08432539682539683 0.09523809523809523
5 0.5357142857142857 0.6507936507936508 0.06746031746031746 0.08597883597883597
5 0.5257936507936508 0.3955026455026455 0.06944444444444445 0.09259259259259259
4 0.6984126984126984 0.5925925925925926 0.051587301587301584 0.13095238095238096
4 0.6597222222222222 0.5396825396825397 0.041666666666666664 0.042328042328042326
4 0.49603174603174605 0.5224867724867724 0.030753968253968252 0.047619047619047616
4 0.43452380952380953 0.5992063492063492 0.05654761904761905 0.06878306878306878
4 0.4503968253968254 0.4246031746031746 0.07043650793650794 0.12433862433862433
4 0.5674603174603174 0.4708994708994709 0.10416666666666667 0.05291005291005291
4 0.5803571428571429 0.5846560846560847 0.03373015873015873 0.06481481481481481
3 0.7946428571428571 0.1626984126984127 0.19047619047619047 0.2751322751322751
0 0.4117063492063492 0.716931216931217 0.3134920634920635 0.3558201058201058
1 0.7648809523809523 0.4365079365079365 0.4027777777777778 0.2208994708994709
2 0.2757936507936508 0.5925925925925926 0.26686507936507936 0.2275132275132275