5 0.5277777777777778 0.42592592592592593 0.07341269841269842 0.09126984126984126
5 0.4305555555555556 0.5648148148148148 0.05952380952380952 0.07936507936507936
5 0.5386904761904762 0.6481481481481481 0.057539682539682536 0.09391534391534391
5 0.48908730158730157 0.5502645502645502 0.05555555555555555 0.07804232804232804
5 0.623015873015873 0.6613756613756614 0.08432539682539683 0.10317460317460317
4 0.6011904761904762 0.5343915343915344 0.12003968253968254 0.09656084656084656
4 0.4662698412698413 0.455026455026455 0.050595238095238096 0.11507936507936507
4 0.5287698412698413 0.36243386243386244 0.06944444444444445 0.04365079365079365
4 0.4861111111111111 0.6283068783068783 0.04662698412698413 0.07936507936507936
3 0.1884920634920635 0.14947089947089948 0.19940476190476192 0.2751322751322751
0 0.3759920634920635 0.25793650793650796 0.373015873015873 0.1984126984126984
1 0.7767857142857143 0.4656084656084656 0.4126984126984127 0.22883597883597884
2 0.2638888888888889 0.6309523809523809 0.2748015873015873 0.2804232804232804
18 0.4236111111111111 0.4894179894179894 0.023809523809523808 0.03306878306878307
18 0.45436507936507936 0.4656084656084656 0.01488095238095238 0.03042328042328042