1 0.7023809523809523 0.582010582010582 0.10813492063492064 0.47883597883597884
0 0.5218253968253969 0.8505291005291006 0.36408730158730157 0.08994708994708994
3 0.8035714285714286 0.21164021164021163 0.18353174603174602 0.25
8 0.5337301587301587 0.6084656084656085 0.0496031746031746 0.06084656084656084
8 0.5357142857142857 0.5132275132275133 0.03869047619047619 0.06613756613756613
8 0.5317460317460317 0.4365079365079365 0.04662698412698413 0.0701058201058201
8 0.4732142857142857 0.503968253968254 0.047619047619047616 0.06349206349206349
7 0.4871031746031746 0.41798941798941797 0.051587301587301584 0.07804232804232804
7 0.5059523809523809 0.5634920634920635 0.044642857142857144 0.062169312169312166
7 0.5734126984126984 0.5370370370370371 0.04265873015873016 0.07936507936507936
7 0.46825396825396826 0.5952380952380952 0.041666666666666664 0.06084656084656084
6 0.39087301587301587 0.47354497354497355 0.12202380952380952 0.2156084656084656