1 0.7142857142857143 0.3994708994708995 0.3630952380952381 0.1626984126984127
0 0.23015873015873015 0.43386243386243384 0.30853174603174605 0.46296296296296297
3 0.18253968253968253 0.8201058201058201 0.24503968253968253 0.28174603174603174
8 0.49206349206349204 0.2698412698412698 0.05654761904761905 0.07275132275132275
8 0.44841269841269843 0.3002645502645503 0.05853174603174603 0.06349206349206349
8 0.33134920634920634 0.44576719576719576 0.061507936507936505 0.07936507936507936
8 0.5466269841269841 0.48544973544973546 0.04365079365079365 0.07142857142857142
7 0.4712301587301587 0.43915343915343913 0.057539682539682536 0.07936507936507936
7 0.45436507936507936 0.548941798941799 0.04662698412698413 0.07407407407407407
7 0.5009920634920635 0.5502645502645502 0.05357142857142857 0.082010582010582
6 0.3551587301587302 0.36243386243386244 0.0496031746031746 0.08862433862433862
6 0.4126984126984127 0.44841269841269843 0.054563492063492064 0.1349206349206349