1 0.7103174603174603 0.42724867724867727 0.4007936507936508 0.13756613756613756
0 0.26587301587301587 0.4828042328042328 0.22123015873015872 0.41534391534391535
3 0.22023809523809523 0.8227513227513228 0.25297619047619047 0.23412698412698413
8 0.48115079365079366 0.32275132275132273 0.047619047619047616 0.07275132275132275
8 0.44246031746031744 0.35978835978835977 0.050595238095238096 0.06349206349206349
8 0.5307539682539683 0.5238095238095238 0.04563492063492063 0.06878306878306878
8 0.3492063492063492 0.5052910052910053 0.051587301587301584 0.06481481481481481
7 0.4603174603174603 0.48412698412698413 0.060515873015873016 0.06746031746031746
7 0.4781746031746032 0.6018518518518519 0.09424603174603174 0.07936507936507936
7 0.3244047619047619 0.4603174603174603 0.04563492063492063 0.05952380952380952
6 0.36706349206349204 0.40476190476190477 0.028769841269841268 0.12301587301587301
6 0.4375 0.4298941798941799 0.10912698412698413 0.06084656084656084
6 0.40674603174603174 0.503968253968254 0.04662698412698413 0.09523809523809523