1 0.7162698412698413 0.6574074074074074 0.30952380952380953 0.21957671957671956
0 0.435515873015873 0.753968253968254 0.32936507936507936 0.35714285714285715
3 0.8273809523809523 0.23941798941798942 0.20337301587301587 0.24603174603174602
8 0.4603174603174603 0.6693121693121693 0.05257936507936508 0.07407407407407407
8 0.5158730158730159 0.6031746031746031 0.04662698412698413 0.062169312169312166
8 0.5803571428571429 0.49867724867724866 0.04563492063492063 0.06084656084656084
8 0.5684523809523809 0.38756613756613756 0.051587301587301584 0.06613756613756613
7 0.48908730158730157 0.43386243386243384 0.057539682539682536 0.0701058201058201
7 0.4107142857142857 0.43915343915343913 0.060515873015873016 0.07539682539682539
7 0.38095238095238093 0.6190476190476191 0.05952380952380952 0.06878306878306878
7 0.5317460317460317 0.4537037037037037 0.03968253968253968 0.09259259259259259
6 0.3611111111111111 0.3941798941798942 0.061507936507936505 0.13095238095238096
6 0.4642857142857143 0.35714285714285715 0.07837301587301587 0.0873015873015873
6 0.4771825396825397 0.5026455026455027 0.07341269841269842 0.03835978835978836