1 0.7261904761904762 0.5052910052910053 0.3462301587301587 0.14682539682539683
0 0.2748015873015873 0.5251322751322751 0.2718253968253968 0.42857142857142855
3 0.25496031746031744 0.8756613756613757 0.17857142857142858 0.24338624338624337
8 0.5178571428571429 0.3835978835978836 0.050595238095238096 0.06481481481481481
8 0.4751984126984127 0.4074074074074074 0.04563492063492063 0.0701058201058201
8 0.5634920634920635 0.5873015873015873 0.040674603174603176 0.062169312169312166
8 0.3680555555555556 0.544973544973545 0.04365079365079365 0.0701058201058201
7 0.5238095238095238 0.6375661375661376 0.04861111111111111 0.06481481481481481
7 0.49603174603174605 0.544973544973545 0.047619047619047616 0.06746031746031746
7 0.3353174603174603 0.4947089947089947 0.054563492063492064 0.0701058201058201
7 0.4771825396825397 0.6296296296296297 0.047619047619047616 0.062169312169312166
7 0.501984126984127 0.671957671957672 0.03373015873015873 0.047619047619047616
6 0.3888888888888889 0.46296296296296297 0.03273809523809524 0.09788359788359788
6 0.44246031746031744 0.5396825396825397 0.060515873015873016 0.13227513227513227
6 0.49107142857142855 0.47619047619047616 0.06349206349206349 0.05952380952380952