1 0.7182539682539683 0.6005291005291006 0.31547619047619047 0.26851851851851855
0 0.25595238095238093 0.6111111111111112 0.22023809523809523 0.4894179894179894
3 0.8283730158730159 0.23809523809523808 0.21031746031746032 0.25132275132275134
8 0.5138888888888888 0.6772486772486772 0.04662698412698413 0.06878306878306878
8 0.49702380952380953 0.49867724867724866 0.04365079365079365 0.06878306878306878
8 0.4444444444444444 0.4193121693121693 0.04662698412698413 0.06878306878306878
8 0.42857142857142855 0.6216931216931217 0.05357142857142857 0.07142857142857142
7 0.44146825396825395 0.5462962962962963 0.061507936507936505 0.07671957671957672
7 0.5892857142857143 0.43386243386243384 0.051587301587301584 0.06746031746031746
7 0.37996031746031744 0.43386243386243384 0.057539682539682536 0.07539682539682539
7 0.4791666666666667 0.6335978835978836 0.0496031746031746 0.07936507936507936
7 0.44246031746031744 0.6851851851851852 0.05952380952380952 0.056878306878306875
6 0.4107142857142857 0.3544973544973545 0.13690476190476192 0.07804232804232804
6 0.36904761904761907 0.5502645502645502 0.06349206349206349 0.04894179894179894