1 0.683531746031746 0.6216931216931217 0.28174603174603174 0.21164021164021163
0 0.4126984126984127 0.7116402116402116 0.3194444444444444 0.32936507936507936
3 0.7926587301587301 0.2328042328042328 0.19444444444444445 0.23677248677248677
8 0.44047619047619047 0.626984126984127 0.05257936507936508 0.06349206349206349
8 0.5456349206349206 0.3531746031746032 0.04265873015873016 0.07407407407407407
8 0.5575396825396826 0.4656084656084656 0.04563492063492063 0.06746031746031746
8 0.49404761904761907 0.5687830687830688 0.050595238095238096 0.056878306878306875
7 0.4642857142857143 0.40476190476190477 0.05357142857142857 0.06878306878306878
7 0.39087301587301587 0.4021164021164021 0.054563492063492064 0.06481481481481481
7 0.36507936507936506 0.582010582010582 0.04662698412698413 0.06746031746031746
7 0.5158730158730159 0.5171957671957672 0.054563492063492064 0.05291005291005291
7 0.5863095238095238 0.4060846560846561 0.04563492063492063 0.05555555555555555
7 0.4722222222222222 0.701058201058201 0.037698412698412696 0.0582010582010582
6 0.45436507936507936 0.33201058201058203 0.06646825396825397 0.08994708994708994
6 0.3392857142857143 0.36507936507936506 0.050595238095238096 0.14682539682539683
6 0.48412698412698413 0.4656084656084656 0.05555555555555555 0.04497354497354497
6 0.4027777777777778 0.5608465608465608 0.0248015873015873 0.08862433862433862