1 0.6468253968253969 0.6309523809523809 0.37202380952380953 0.20899470899470898
0 0.37103174603174605 0.7116402116402116 0.26091269841269843 0.30687830687830686
3 0.7043650793650794 0.17195767195767195 0.17956349206349206 0.26322751322751325
8 0.4751984126984127 0.37433862433862436 0.04563492063492063 0.06349206349206349
8 0.49007936507936506 0.47619047619047616 0.044642857142857144 0.06481481481481481
8 0.4305555555555556 0.582010582010582 0.04563492063492063 0.04894179894179894
8 0.3819444444444444 0.6402116402116402 0.047619047619047616 0.06481481481481481
7 0.39087301587301587 0.43386243386243384 0.05555555555555555 0.06481481481481481
7 0.5198412698412699 0.4113756613756614 0.044642857142857144 0.06084656084656084
7 0.4107142857142857 0.705026455026455 0.04265873015873016 0.0582010582010582
7 0.3323412698412698 0.4470899470899471 0.04563492063492063 0.06613756613756613
7 0.44246031746031744 0.4470899470899471 0.03968253968253968 0.06878306878306878
6 0.38095238095238093 0.4973544973544973 0.047619047619047616 0.041005291005291
6 0.3968253968253968 0.36772486772486773 0.05654761904761905 0.07671957671957672