1 0.7271825396825397 0.5687830687830688 0.3253968253968254 0.2896825396825397
0 0.24503968253968253 0.5542328042328042 0.22817460317460317 0.4523809523809524
3 0.8392857142857143 0.18386243386243387 0.20634920634920634 0.2724867724867725
8 0.5099206349206349 0.6283068783068783 0.050595238095238096 0.06613756613756613
8 0.498015873015873 0.4417989417989418 0.044642857142857144 0.0701058201058201
8 0.4246031746031746 0.5674603174603174 0.05257936507936508 0.06613756613756613
8 0.4444444444444444 0.36507936507936506 0.04662698412698413 0.06481481481481481
7 0.5932539682539683 0.3888888888888889 0.050595238095238096 0.07142857142857142
7 0.4732142857142857 0.593915343915344 0.05555555555555555 0.07407407407407407
7 0.4384920634920635 0.6428571428571429 0.06448412698412699 0.051587301587301584
7 0.3819444444444444 0.373015873015873 0.05555555555555555 0.08333333333333333
7 0.44047619047619047 0.49867724867724866 0.05555555555555555 0.07936507936507936
6 0.4097222222222222 0.30158730158730157 0.14484126984126985 0.07142857142857142
6 0.38293650793650796 0.4365079365079365 0.041666666666666664 0.051587301587301584
6 0.35615079365079366 0.49074074074074076 0.03373015873015873 0.047619047619047616