2 0.5773809523809523 0.4708994708994709 0.2748015873015873 0.1917989417989418
0 0.24801587301587302 0.6005291005291006 0.3551587301587302 0.2724867724867725
1 0.7212301587301587 0.4669312169312169 0.23809523809523808 0.38095238095238093
3 0.746031746031746 0.6666666666666666 0.18154761904761904 0.22883597883597884
10 0.5307539682539683 0.3888888888888889 0.05357142857142857 0.06481481481481481
10 0.43452380952380953 0.5436507936507936 0.051587301587301584 0.07671957671957672
10 0.44345238095238093 0.5555555555555556 0.047619047619047616 0.06613756613756613
10 0.38293650793650796 0.6798941798941799 0.044642857142857144 0.08068783068783068
10 0.4513888888888889 0.701058201058201 0.051587301587301584 0.05952380952380952
10 0.4107142857142857 0.6534391534391535 0.0496031746031746 0.0701058201058201
10 0.439484126984127 0.6388888888888888 0.06944444444444445 0.05555555555555555
9 0.4880952380952381 0.5767195767195767 0.05357142857142857 0.16005291005291006
9 0.34523809523809523 0.6851851851851852 0.07738095238095238 0.18253968253968253
9 0.4722222222222222 0.7063492063492064 0.07043650793650794 0.13095238095238096