2 0.8392857142857143 0.626984126984127 0.07936507936507936 0.421957671957672
0 0.20238095238095238 0.5687830687830688 0.08531746031746032 0.5158730158730159
1 0.7678571428571429 0.6111111111111112 0.0882936507936508 0.5198412698412699
3 0.8214285714285714 0.17063492063492064 0.2123015873015873 0.291005291005291
10 0.4861111111111111 0.6693121693121693 0.047619047619047616 0.07275132275132275
10 0.5853174603174603 0.5396825396825397 0.05853174603174603 0.0992063492063492
10 0.5228174603174603 0.58994708994709 0.06746031746031746 0.06349206349206349
10 0.5545634920634921 0.544973544973545 0.06944444444444445 0.10846560846560846
9 0.5198412698412699 0.4470899470899471 0.11408730158730158 0.047619047619047616
9 0.4632936507936508 0.6111111111111112 0.07142857142857142 0.20502645502645503
9 0.5565476190476191 0.6812169312169312 0.12103174603174603 0.12169312169312169