2 0.7083333333333334 0.6759259259259259 0.07043650793650794 0.4021164021164021
0 0.0625 0.5978835978835979 0.08928571428571429 0.6177248677248677
1 0.6448412698412699 0.656084656084656 0.06845238095238096 0.4933862433862434
3 0.7093253968253969 0.2552910052910053 0.20833333333333334 0.24867724867724866
10 0.4583333333333333 0.5502645502645502 0.060515873015873016 0.04894179894179894
10 0.31547619047619047 0.5304232804232805 0.07242063492063493 0.13227513227513227
10 0.35714285714285715 0.5238095238095238 0.07242063492063493 0.09259259259259259
10 0.38293650793650796 0.5568783068783069 0.0496031746031746 0.09259259259259259
9 0.28075396825396826 0.6481481481481481 0.08333333333333333 0.1283068783068783
9 0.42956349206349204 0.47354497354497355 0.12301587301587301 0.1335978835978836
9 0.42658730158730157 0.626984126984127 0.15376984126984128 0.1388888888888889