2 0.5694444444444444 0.4947089947089947 0.2787698412698413 0.18518518518518517
0 0.22123015873015872 0.6177248677248677 0.3968253968253968 0.2671957671957672
1 0.7132936507936508 0.5132275132275133 0.25793650793650796 0.3505291005291005
3 0.7420634920634921 0.656084656084656 0.18948412698412698 0.2552910052910053
10 0.5228174603174603 0.42857142857142855 0.051587301587301584 0.06746031746031746
10 0.42956349206349204 0.578042328042328 0.06349206349206349 0.08465608465608465
10 0.44047619047619047 0.7275132275132276 0.05257936507936508 0.06878306878306878
10 0.3740079365079365 0.701058201058201 0.05952380952380952 0.082010582010582
10 0.42956349206349204 0.6587301587301587 0.08134920634920635 0.06746031746031746
10 0.38591269841269843 0.6838624338624338 0.07142857142857142 0.06084656084656084
9 0.33035714285714285 0.7142857142857143 0.0873015873015873 0.17592592592592593
9 0.4791666666666667 0.5912698412698413 0.061507936507936505 0.14285714285714285
9 0.46130952380952384 0.7433862433862434 0.08134920634920635 0.167989417989418
9 0.4097222222222222 0.7354497354497355 0.08928571428571429 0.10449735449735449