2 0.6121031746031746 0.47883597883597884 0.2837301587301587 0.17989417989417988
0 0.3492063492063492 0.58994708994709 0.314484126984127 0.15873015873015872
1 0.6190476190476191 0.7222222222222222 0.050595238095238096 0.5317460317460317
3 0.2619047619047619 0.3994708994708995 0.20337301587301587 0.20502645502645503
10 0.4444444444444444 0.48677248677248675 0.0625 0.0582010582010582
10 0.5853174603174603 0.5767195767195767 0.040674603174603176 0.07804232804232804
10 0.49404761904761907 0.6375661375661376 0.054563492063492064 0.0582010582010582
10 0.48313492063492064 0.582010582010582 0.031746031746031744 0.056878306878306875
9 0.42857142857142855 0.6335978835978836 0.07341269841269842 0.09788359788359788
9 0.5813492063492064 0.6534391534391535 0.051587301587301584 0.09656084656084656
9 0.501984126984127 0.5158730158730159 0.06646825396825397 0.08068783068783068
9 0.5376984126984127 0.5767195767195767 0.1001984126984127 0.09259259259259259
9 0.5367063492063492 0.6322751322751323 0.04365079365079365 0.051587301587301584