2 0.5625 0.5026455026455027 0.2718253968253968 0.18518518518518517
0 0.23015873015873015 0.6164021164021164 0.4593253968253968 0.17195767195767195
1 0.564484126984127 0.7566137566137566 0.05357142857142857 0.48412698412698413
3 0.18452380952380953 0.34523809523809523 0.20436507936507936 0.2857142857142857
10 0.375 0.49206349206349204 0.07242063492063493 0.07275132275132275
10 0.5396825396825397 0.6111111111111112 0.034722222222222224 0.07142857142857142
10 0.4494047619047619 0.6653439153439153 0.07341269841269842 0.07142857142857142
10 0.42658730158730157 0.6137566137566137 0.05555555555555555 0.0701058201058201
9 0.3551587301587302 0.6640211640211641 0.07936507936507936 0.12566137566137567
9 0.44742063492063494 0.5383597883597884 0.08134920634920635 0.09788359788359788
9 0.5287698412698413 0.6931216931216931 0.05555555555555555 0.11375661375661375
9 0.498015873015873 0.6150793650793651 0.1001984126984127 0.07671957671957672