2 0.5952380952380952 0.4113756613756614 0.2926587301587302 0.17195767195767195
0 0.2916666666666667 0.5105820105820106 0.39880952380952384 0.16137566137566137
1 0.5992063492063492 0.6812169312169312 0.05257936507936508 0.5105820105820106
3 0.2222222222222222 0.2830687830687831 0.19642857142857142 0.25925925925925924
10 0.4156746031746032 0.4126984126984127 0.06547619047619048 0.05952380952380952
10 0.5714285714285714 0.5198412698412699 0.025793650793650792 0.07142857142857142
10 0.4573412698412698 0.5158730158730159 0.05357142857142857 0.051587301587301584
10 0.4751984126984127 0.5687830687830688 0.0873015873015873 0.051587301587301584
9 0.3888888888888889 0.5634920634920635 0.0763888888888889 0.10978835978835978
9 0.5555555555555556 0.5952380952380952 0.05357142857142857 0.09788359788359788
9 0.4781746031746032 0.4444444444444444 0.07341269841269842 0.09391534391534391
9 0.5168650793650794 0.5158730158730159 0.09523809523809523 0.0873015873015873