2 0.814484126984127 0.6256613756613757 0.07341269841269842 0.41798941798941797
0 0.2698412698412698 0.5582010582010583 0.40476190476190477 0.21031746031746032
1 0.7440476190476191 0.6137566137566137 0.09424603174603174 0.5119047619047619
3 0.7956349206349206 0.17063492063492064 0.20734126984126985 0.2751322751322751
10 0.3958333333333333 0.44312169312169314 0.06349206349206349 0.06084656084656084
10 0.5327380952380952 0.7037037037037037 0.05952380952380952 0.06878306878306878
10 0.5595238095238095 0.7037037037037037 0.057539682539682536 0.08068783068783068
10 0.5654761904761905 0.7526455026455027 0.061507936507936505 0.06349206349206349
10 0.5545634920634921 0.7275132275132276 0.0992063492063492 0.1388888888888889
10 0.5337301587301587 0.5291005291005291 0.06944444444444445 0.0701058201058201
9 0.36706349206349204 0.6071428571428571 0.08035714285714286 0.11375661375661375
9 0.625 0.6851851851851852 0.05853174603174603 0.20767195767195767
9 0.5079365079365079 0.4365079365079365 0.11607142857142858 0.13095238095238096