2 0.8492063492063492 0.6534391534391535 0.07936507936507936 0.4246031746031746
0 0.30456349206349204 0.5714285714285714 0.4007936507936508 0.20238095238095238
1 0.7867063492063492 0.6375661375661376 0.0992063492063492 0.5224867724867724
3 0.8293650793650794 0.20105820105820105 0.2152777777777778 0.2843915343915344
10 0.42658730158730157 0.4656084656084656 0.0763888888888889 0.06481481481481481
10 0.5694444444444444 0.544973544973545 0.060515873015873016 0.07539682539682539
10 0.5843253968253969 0.7208994708994709 0.10119047619047619 0.07407407407407407
10 0.6051587301587301 0.783068783068783 0.07043650793650794 0.082010582010582
9 0.4007936507936508 0.6243386243386243 0.0873015873015873 0.11772486772486772
9 0.5376984126984127 0.4537037037037037 0.11706349206349206 0.12962962962962962
9 0.6646825396825397 0.6904761904761905 0.05555555555555555 0.2156084656084656