2 0.6507936507936508 0.5198412698412699 0.27380952380952384 0.21957671957671956
0 0.2976190476190476 0.5701058201058201 0.3958333333333333 0.1984126984126984
1 0.7311507936507936 0.4748677248677249 0.24801587301587302 0.36507936507936506
3 0.23511904761904762 0.32275132275132273 0.19642857142857142 0.25396825396825395
10 0.6091269841269841 0.4365079365079365 0.05555555555555555 0.06746031746031746
10 0.49007936507936506 0.5568783068783069 0.05654761904761905 0.06349206349206349
10 0.5069444444444444 0.5846560846560847 0.0496031746031746 0.08068783068783068
10 0.42857142857142855 0.6904761904761905 0.04662698412698413 0.09126984126984126
10 0.498015873015873 0.7301587301587301 0.05853174603174603 0.05952380952380952
10 0.4652777777777778 0.6666666666666666 0.047619047619047616 0.0701058201058201
10 0.49603174603174605 0.6574074074074074 0.06349206349206349 0.06613756613756613
9 0.5456349206349206 0.5992063492063492 0.06349206349206349 0.14814814814814814
9 0.3968253968253968 0.6362433862433863 0.10218253968253968 0.0582010582010582
9 0.4007936507936508 0.7235449735449735 0.061507936507936505 0.12698412698412698
9 0.5138888888888888 0.7433862433862434 0.08333333333333333 0.16005291005291006
9 0.46130952380952384 0.7222222222222222 0.10714285714285714 0.08333333333333333