2 0.6190476190476191 0.5251322751322751 0.24305555555555555 0.2962962962962963
0 0.25892857142857145 0.6216931216931217 0.2837301587301587 0.45105820105820105
1 0.7579365079365079 0.5 0.28075396825396826 0.37433862433862436
3 0.8065476190476191 0.2671957671957672 0.1884920634920635 0.27645502645502645
10 0.5555555555555556 0.3941798941798942 0.040674603174603176 0.05291005291005291
10 0.4027777777777778 0.41798941798941797 0.04365079365079365 0.06349206349206349
10 0.4037698412698413 0.7142857142857143 0.047619047619047616 0.10582010582010581
10 0.44246031746031744 0.5317460317460317 0.060515873015873016 0.06349206349206349
10 0.4503968253968254 0.5714285714285714 0.04662698412698413 0.08862433862433862
10 0.4662698412698413 0.5317460317460317 0.060515873015873016 0.06746031746031746
9 0.39285714285714285 0.46825396825396826 0.05257936507936508 0.11243386243386243
9 0.4742063492063492 0.4801587301587302 0.1378968253968254 0.047619047619047616
9 0.3472222222222222 0.6931216931216931 0.0744047619047619 0.1388888888888889
9 0.5079365079365079 0.5661375661375662 0.07242063492063493 0.1335978835978836
9 0.40773809523809523 0.6428571428571429 0.1349206349206349 0.07142857142857142