2 0.8511904761904762 0.6746031746031746 0.07242063492063493 0.40343915343915343
0 0.24603174603174602 0.6097883597883598 0.08630952380952381 0.48677248677248675
1 0.7797619047619048 0.6534391534391535 0.07043650793650794 0.49603174603174605
3 0.8412698412698413 0.23544973544973544 0.2113095238095238 0.24206349206349206
10 0.5138888888888888 0.7129629629629629 0.044642857142857144 0.06878306878306878
10 0.5972222222222222 0.6031746031746031 0.07043650793650794 0.10449735449735449
10 0.5595238095238095 0.6428571428571429 0.09027777777777778 0.051587301587301584
10 0.5773809523809523 0.5978835978835979 0.07341269841269842 0.1388888888888889
9 0.5416666666666666 0.4947089947089947 0.10119047619047619 0.05423280423280423
9 0.4861111111111111 0.6521164021164021 0.05952380952380952 0.2037037037037037
9 0.5734126984126984 0.7248677248677249 0.11210317460317461 0.10846560846560846