2 0.5952380952380952 0.4417989417989418 0.30753968253968256 0.17857142857142858
0 0.27976190476190477 0.5582010582010583 0.42063492063492064 0.17328042328042328
1 0.5992063492063492 0.7248677248677249 0.05654761904761905 0.544973544973545
3 0.8095238095238095 0.18253968253968253 0.2003968253968254 0.291005291005291
10 0.40476190476190477 0.45105820105820105 0.07539682539682539 0.07142857142857142
10 0.5634920634920635 0.5529100529100529 0.03869047619047619 0.07539682539682539
10 0.44841269841269843 0.5608465608465608 0.0496031746031746 0.06481481481481481
10 0.46825396825396826 0.6084656084656085 0.06646825396825397 0.082010582010582
9 0.38095238095238093 0.6111111111111112 0.08234126984126984 0.1111111111111111
9 0.5535714285714286 0.6402116402116402 0.06349206349206349 0.10185185185185185
9 0.49007936507936506 0.4973544973544973 0.12003968253968254 0.12301587301587301
9 0.5228174603174603 0.5740740740740741 0.06944444444444445 0.062169312169312166