2 0.6488095238095238 0.32275132275132273 0.32837301587301587 0.10052910052910052
0 0.251984126984127 0.6137566137566137 0.24305555555555555 0.3306878306878307
1 0.7093253968253969 0.4351851851851852 0.2619047619047619 0.4312169312169312
3 0.20833333333333334 0.32407407407407407 0.2152777777777778 0.21164021164021163
10 0.5674603174603174 0.40476190476190477 0.050595238095238096 0.06878306878306878
10 0.38293650793650796 0.4312169312169312 0.057539682539682536 0.06613756613756613
10 0.45535714285714285 0.5158730158730159 0.05952380952380952 0.0992063492063492
10 0.38492063492063494 0.5846560846560847 0.057539682539682536 0.0701058201058201
10 0.42162698412698413 0.6349206349206349 0.061507936507936505 0.06878306878306878
9 0.43253968253968256 0.43386243386243384 0.08928571428571429 0.047619047619047616
9 0.47619047619047616 0.5701058201058201 0.09523809523809523 0.09788359788359788
9 0.3482142857142857 0.6124338624338624 0.03571428571428571 0.10846560846560846
9 0.4494047619047619 0.7142857142857143 0.057539682539682536 0.16534391534391535
9 0.376984126984127 0.6322751322751323 0.041666666666666664 0.07539682539682539