2 0.8373015873015873 0.667989417989418 0.0744047619047619 0.4074074074074074
0 0.2222222222222222 0.6097883597883598 0.08432539682539683 0.5132275132275133
1 0.7708333333333334 0.6481481481481481 0.09325396825396826 0.503968253968254
3 0.8115079365079365 0.2275132275132275 0.20535714285714285 0.26455026455026454
10 0.5565476190476191 0.5502645502645502 0.05555555555555555 0.05026455026455026
10 0.42857142857142855 0.533068783068783 0.05853174603174603 0.12433862433862433
10 0.48412698412698413 0.548941798941799 0.0625 0.09259259259259259
10 0.4503968253968254 0.5423280423280423 0.0625 0.06746031746031746
9 0.4007936507936508 0.6455026455026455 0.08035714285714286 0.11243386243386243
9 0.5337301587301587 0.47354497354497355 0.11805555555555555 0.1283068783068783
9 0.5357142857142857 0.6177248677248677 0.1359126984126984 0.12698412698412698