3 0.753968253968254 0.1455026455026455 0.17162698412698413 0.25793650793650796
13 0.7182539682539683 0.4312169312169312 0.16765873015873015 0.10052910052910052
13 0.5505952380952381 0.4775132275132275 0.04365079365079365 0.1455026455026455
13 0.5297619047619048 0.6137566137566137 0.1378968253968254 0.17592592592592593
15 0.30257936507936506 0.7486772486772487 0.13095238095238096 0.047619047619047616
15 0.3273809523809524 0.6732804232804233 0.11210317460317461 0.11904761904761904
0 0.8829365079365079 0.44576719576719576 0.13690476190476192 0.47354497354497355
1 0.7658730158730159 0.5925925925925926 0.38095238095238093 0.24735449735449735
2 0.24603174603174602 0.5343915343915344 0.12103174603174603 0.4074074074074074
16 0.25396825396825395 0.708994708994709 0.04265873015873016 0.05026455026455026
16 0.27380952380952384 0.6388888888888888 0.04861111111111111 0.05555555555555555
16 0.30853174603174605 0.5952380952380952 0.06746031746031746 0.056878306878306875
14 0.7182539682539683 0.6825396825396826 0.034722222222222224 0.03306878306878307
14 0.6170634920634921 0.6428571428571429 0.02976190476190476 0.041005291005291
14 0.6765873015873016 0.6190476190476191 0.060515873015873016 0.0701058201058201
14 0.5198412698412699 0.701058201058201 0.060515873015873016 0.07539682539682539
14 0.5555555555555556 0.656084656084656 0.04662698412698413 0.041005291005291
14 0.5059523809523809 0.6375661375661376 0.018849206349206348 0.03042328042328042
14 0.5277777777777778 0.5304232804232805 0.09623015873015874 0.0873015873015873
14 0.5634920634920635 0.5965608465608465 0.050595238095238096 0.07142857142857142
14 0.6507936507936508 0.5 0.061507936507936505 0.04894179894179894
14 0.626984126984127 0.40476190476190477 0.0744047619047619 0.09656084656084656