3 0.7797619047619048 0.12433862433862433 0.19345238095238096 0.23544973544973544
13 0.45634920634920634 0.5740740740740741 0.10416666666666667 0.10714285714285714
13 0.49603174603174605 0.44841269841269843 0.08035714285714286 0.04497354497354497
13 0.5694444444444444 0.46825396825396826 0.09027777777777778 0.1931216931216931
13 0.5813492063492064 0.582010582010582 0.09226190476190477 0.06481481481481481
13 0.5148809523809523 0.6944444444444444 0.07738095238095238 0.10846560846560846
13 0.5982142857142857 0.7433862433862434 0.09126984126984126 0.2566137566137566
15 0.3194444444444444 0.35714285714285715 0.1349206349206349 0.062169312169312166
15 0.3492063492063492 0.29365079365079366 0.12202380952380952 0.09788359788359788
0 0.8988095238095238 0.4007936507936508 0.0882936507936508 0.5132275132275133
1 0.7470238095238095 0.5198412698412699 0.37103174603174605 0.291005291005291
2 0.3630952380952381 0.164021164021164 0.2708333333333333 0.2791005291005291
16 0.3869047619047619 0.33201058201058203 0.03373015873015873 0.047619047619047616
16 0.35615079365079366 0.21825396825396826 0.06547619047619048 0.05555555555555555
16 0.2857142857142857 0.25793650793650796 0.0496031746031746 0.05026455026455026
14 0.44345238095238093 0.6640211640211641 0.021825396825396824 0.046296296296296294
14 0.503968253968254 0.6296296296296297 0.060515873015873016 0.14285714285714285
14 0.6527777777777778 0.671957671957672 0.14781746031746032 0.10185185185185185
14 0.6408730158730159 0.5105820105820106 0.0763888888888889 0.08597883597883597
14 0.5476190476190477 0.5158730158730159 0.0625 0.03571428571428571
14 0.5 0.48412698412698413 0.08928571428571429 0.23412698412698413