3 0.22420634920634921 0.6798941798941799 0.21031746031746032 0.24338624338624337
13 0.49404761904761907 0.5013227513227513 0.14285714285714285 0.20105820105820105
13 0.5962301587301587 0.6494708994708994 0.11507936507936507 0.3253968253968254
15 0.2926587301587302 0.3968253968253968 0.1349206349206349 0.037037037037037035
15 0.27976190476190477 0.30952380952380953 0.12003968253968254 0.09656084656084656
0 0.498015873015873 0.6706349206349206 0.29464285714285715 0.4126984126984127
1 0.7638888888888888 0.6044973544973545 0.2708333333333333 0.4365079365079365
2 0.5198412698412699 0.5648148148148148 0.23214285714285715 0.3333333333333333
16 0.3353174603174603 0.35978835978835977 0.040674603174603176 0.04365079365079365
16 0.24404761904761904 0.3505291005291005 0.06349206349206349 0.07142857142857142
16 0.2876984126984127 0.2447089947089947 0.04662698412698413 0.05026455026455026
14 0.6587301587301587 0.4126984126984127 0.07341269841269842 0.051587301587301584
14 0.6428571428571429 0.4722222222222222 0.044642857142857144 0.03968253968253968
14 0.6746031746031746 0.6455026455026455 0.13293650793650794 0.09126984126984126
14 0.45436507936507936 0.6111111111111112 0.034722222222222224 0.03042328042328042
14 0.4880952380952381 0.593915343915344 0.04662698412698413 0.06613756613756613
14 0.49206349206349204 0.5211640211640212 0.10515873015873016 0.06349206349206349
14 0.5049603174603174 0.4074074074074074 0.10714285714285714 0.10714285714285714