3 0.7490079365079365 0.17592592592592593 0.1626984126984127 0.25396825396825395
13 0.44345238095238093 0.5833333333333334 0.07738095238095238 0.042328042328042326
13 0.45436507936507936 0.5343915343915344 0.06547619047619048 0.042328042328042326
13 0.49404761904761907 0.4470899470899471 0.07341269841269842 0.037037037037037035
13 0.5416666666666666 0.46825396825396826 0.060515873015873016 0.07539682539682539
13 0.4722222222222222 0.6851851851851852 0.11805555555555555 0.15873015873015872
13 0.5902777777777778 0.7023809523809523 0.12698412698412698 0.23015873015873015
15 0.33134920634920634 0.3862433862433862 0.12003968253968254 0.05423280423280423
15 0.3601190476190476 0.3306878306878307 0.10912698412698413 0.08333333333333333
0 0.8611111111111112 0.4576719576719577 0.08630952380952381 0.4695767195767196
1 0.689484126984127 0.6455026455026455 0.37896825396825395 0.16137566137566137
2 0.3759920634920635 0.2156084656084656 0.25 0.23544973544973544
16 0.39285714285714285 0.3637566137566138 0.034722222222222224 0.047619047619047616
16 0.3680555555555556 0.26455026455026454 0.061507936507936505 0.05555555555555555
16 0.30456349206349204 0.29894179894179895 0.04563492063492063 0.051587301587301584
14 0.6309523809523809 0.47619047619047616 0.050595238095238096 0.041005291005291
14 0.625 0.4365079365079365 0.044642857142857144 0.042328042328042326
14 0.5099206349206349 0.40476190476190477 0.05853174603174603 0.06481481481481481
14 0.5 0.4947089947089947 0.08134920634920635 0.12037037037037036
14 0.4623015873015873 0.6283068783068783 0.04265873015873016 0.03439153439153439
14 0.46130952380952384 0.7222222222222222 0.01984126984126984 0.056878306878306875
14 0.5575396825396826 0.5740740740740741 0.027777777777777776 0.022486772486772486
14 0.5565476190476191 0.6481481481481481 0.031746031746031744 0.03439153439153439
14 0.6061507936507936 0.6613756613756614 0.041666666666666664 0.037037037037037035
14 0.6726190476190477 0.6243386243386243 0.06349206349206349 0.1111111111111111