3 0.7886904761904762 0.1455026455026455 0.18452380952380953 0.27380952380952384
13 0.5486111111111112 0.6521164021164021 0.07341269841269842 0.08994708994708994
13 0.626984126984127 0.6931216931216931 0.08035714285714286 0.22486772486772486
13 0.6140873015873016 0.5476190476190477 0.08134920634920635 0.05952380952380952
13 0.5992063492063492 0.4246031746031746 0.08928571428571429 0.15873015873015872
13 0.49007936507936506 0.5423280423280423 0.08035714285714286 0.09788359788359788
13 0.5257936507936508 0.421957671957672 0.06349206349206349 0.03439153439153439
15 0.35615079365079366 0.3584656084656085 0.12301587301587301 0.06084656084656084
15 0.38293650793650796 0.30158730158730157 0.11210317460317461 0.08465608465608465
0 0.8978174603174603 0.4417989417989418 0.08134920634920635 0.4894179894179894
1 0.7638888888888888 0.47354497354497355 0.35912698412698413 0.24735449735449735
2 0.4017857142857143 0.18253968253968253 0.25992063492063494 0.24338624338624337
16 0.4176587301587302 0.3386243386243386 0.03373015873015873 0.046296296296296294
16 0.3948412698412698 0.2328042328042328 0.06547619047619048 0.05423280423280423
16 0.3244047619047619 0.2671957671957672 0.04365079365079365 0.04894179894179894
14 0.5307539682539683 0.38095238095238093 0.051587301587301584 0.06613756613756613
14 0.6646825396825397 0.47619047619047616 0.06646825396825397 0.07539682539682539
14 0.6805555555555556 0.6216931216931217 0.1349206349206349 0.08862433862433862
14 0.5376984126984127 0.58994708994709 0.05853174603174603 0.1388888888888889
14 0.4801587301587302 0.626984126984127 0.030753968253968252 0.041005291005291
14 0.5029761904761905 0.48412698412698413 0.0496031746031746 0.10052910052910052
14 0.5456349206349206 0.4444444444444444 0.05257936507936508 0.05952380952380952
14 0.5615079365079365 0.48148148148148145 0.03670634920634921 0.03042328042328042