3 0.7797619047619048 0.13756613756613756 0.16765873015873015 0.2447089947089947
13 0.7390873015873016 0.41005291005291006 0.13690476190476192 0.11243386243386243
13 0.6537698412698413 0.36243386243386244 0.01984126984126984 0.03835978835978836
13 0.5535714285714286 0.5185185185185185 0.11210317460317461 0.2830687830687831
13 0.6329365079365079 0.6084656084656085 0.03571428571428571 0.02513227513227513
15 0.34523809523809523 0.6891534391534392 0.11904761904761904 0.06349206349206349
15 0.35912698412698413 0.6177248677248677 0.11904761904761904 0.08465608465608465
0 0.8968253968253969 0.42328042328042326 0.11805555555555555 0.4523809523809524
1 0.7837301587301587 0.5634920634920635 0.35119047619047616 0.24074074074074073
2 0.3551587301587302 0.5634920634920635 0.12996031746031747 0.38756613756613756
16 0.40476190476190477 0.6428571428571429 0.03571428571428571 0.047619047619047616
16 0.31646825396825395 0.5873015873015873 0.037698412698412696 0.04365079365079365
16 0.3551587301587302 0.5555555555555556 0.06349206349206349 0.04894179894179894
14 0.7380952380952381 0.6481481481481481 0.03373015873015873 0.026455026455026454
14 0.6964285714285714 0.5873015873015873 0.054563492063492064 0.06746031746031746
14 0.6428571428571429 0.6058201058201058 0.023809523809523808 0.046296296296296294
14 0.5476190476190477 0.6402116402116402 0.06646825396825397 0.10978835978835978
14 0.5297619047619048 0.503968253968254 0.028769841269841268 0.04497354497354497
14 0.5753968253968254 0.5 0.05654761904761905 0.07671957671957672
14 0.6011904761904762 0.5555555555555556 0.03273809523809524 0.051587301587301584
14 0.6567460317460317 0.3835978835978836 0.0763888888888889 0.09523809523809523
14 0.6785714285714286 0.4708994708994709 0.06448412698412699 0.05026455026455026