3 0.22817460317460317 0.6666666666666666 0.20337301587301587 0.23677248677248677
13 0.5843253968253969 0.7275132275132276 0.08134920634920635 0.17328042328042328
13 0.621031746031746 0.5621693121693122 0.05853174603174603 0.15608465608465608
13 0.5029761904761905 0.45634920634920634 0.11507936507936507 0.1164021164021164
13 0.4861111111111111 0.5555555555555556 0.11607142857142858 0.08465608465608465
15 0.30158730158730157 0.3941798941798942 0.12896825396825398 0.03835978835978836
15 0.2916666666666667 0.30952380952380953 0.11706349206349206 0.09259259259259259
0 0.503968253968254 0.6640211640211641 0.2976190476190476 0.4126984126984127
2 0.5238095238095238 0.5582010582010583 0.23313492063492064 0.33201058201058203
1 0.7777777777777778 0.6058201058201058 0.2767857142857143 0.4497354497354497
16 0.25396825396825395 0.3492063492063492 0.05853174603174603 0.07142857142857142
16 0.2986111111111111 0.24603174603174602 0.04563492063492063 0.051587301587301584
16 0.34523809523809523 0.35714285714285715 0.04265873015873016 0.046296296296296294
14 0.6646825396825397 0.4060846560846561 0.07837301587301587 0.04497354497354497
14 0.6884920634920635 0.6375661375661376 0.12400793650793651 0.09523809523809523
14 0.5277777777777778 0.38095238095238093 0.0744047619047619 0.07804232804232804
14 0.5059523809523809 0.42857142857142855 0.10119047619047619 0.04365079365079365
14 0.5 0.5145502645502645 0.11011904761904762 0.06878306878306878
14 0.4930555555555556 0.5846560846560847 0.03968253968253968 0.07539682539682539
14 0.46130952380952384 0.6084656084656085 0.037698412698412696 0.041005291005291
14 0.5734126984126984 0.6335978835978836 0.03273809523809524 0.08465608465608465