3 0.7648809523809523 0.15343915343915343 0.18253968253968253 0.27380952380952384
13 0.5228174603174603 0.4603174603174603 0.12896825396825398 0.07671957671957672
13 0.4583333333333333 0.5582010582010583 0.05555555555555555 0.0873015873015873
13 0.6507936507936508 0.5767195767195767 0.08234126984126984 0.082010582010582
13 0.5615079365079365 0.7142857142857143 0.22321428571428573 0.2156084656084656
15 0.3253968253968254 0.3941798941798942 0.12202380952380952 0.05423280423280423
15 0.36706349206349204 0.3492063492063492 0.11011904761904762 0.0701058201058201
0 0.878968253968254 0.45105820105820105 0.08234126984126984 0.47354497354497355
1 0.7113095238095238 0.6481481481481481 0.38095238095238093 0.164021164021164
2 0.2916666666666667 0.6984126984126984 0.21924603174603174 0.3134920634920635
16 0.39880952380952384 0.3783068783068783 0.030753968253968252 0.042328042328042326
16 0.38492063492063494 0.2777777777777778 0.04861111111111111 0.07275132275132275
16 0.33134920634920634 0.2566137566137566 0.03273809523809524 0.056878306878306875
14 0.6507936507936508 0.4576719576719577 0.0625 0.08862433862433862
14 0.7003968253968254 0.6349206349206349 0.07242063492063493 0.10052910052910052
14 0.48115079365079366 0.7235449735449735 0.021825396825396824 0.03439153439153439
14 0.5178571428571429 0.46825396825396826 0.08432539682539683 0.1917989417989418