3 0.7281746031746031 0.16666666666666666 0.1636904761904762 0.24603174603174602
13 0.5049603174603174 0.46825396825396826 0.11507936507936507 0.08465608465608465
13 0.44246031746031744 0.5370370370370371 0.06646825396825397 0.042328042328042326
13 0.4255952380952381 0.5846560846560847 0.06349206349206349 0.04894179894179894
13 0.4632936507936508 0.6904761904761905 0.10317460317460317 0.164021164021164
13 0.5724206349206349 0.7328042328042328 0.1388888888888889 0.18915343915343916
15 0.3134920634920635 0.3888888888888889 0.11706349206349206 0.056878306878306875
15 0.34325396825396826 0.33465608465608465 0.1111111111111111 0.0873015873015873
0 0.8462301587301587 0.455026455026455 0.08134920634920635 0.4708994708994709
1 0.6765873015873016 0.6468253968253969 0.37797619047619047 0.15608465608465608
2 0.35714285714285715 0.21825396825396826 0.24702380952380953 0.24603174603174602
16 0.375 0.36772486772486773 0.030753968253968252 0.04894179894179894
16 0.3501984126984127 0.2671957671957672 0.061507936507936505 0.05555555555555555
16 0.2837301587301587 0.30423280423280424 0.040674603174603176 0.047619047619047616
14 0.6140873015873016 0.4603174603174603 0.05357142857142857 0.07539682539682539
14 0.6587301587301587 0.6296296296296297 0.07539682539682539 0.10052910052910052
14 0.44841269841269843 0.7328042328042328 0.023809523809523808 0.05291005291005291
14 0.4523809523809524 0.6322751322751323 0.03670634920634921 0.041005291005291
14 0.49007936507936506 0.46825396825396826 0.0763888888888889 0.17592592592592593
14 0.5456349206349206 0.656084656084656 0.03670634920634921 0.0291005291005291
14 0.6031746031746031 0.6613756613756614 0.05257936507936508 0.03571428571428571