3 0.7549603174603174 0.17724867724867724 0.1765873015873016 0.2605820105820106
13 0.5515873015873016 0.7275132275132276 0.1349206349206349 0.18253968253968253
13 0.6150793650793651 0.5727513227513228 0.08333333333333333 0.1164021164021164
13 0.498015873015873 0.5846560846560847 0.0763888888888889 0.07407407407407407
13 0.5079365079365079 0.4722222222222222 0.15376984126984128 0.13227513227513227
13 0.44047619047619047 0.5502645502645502 0.044642857142857144 0.0701058201058201
15 0.30853174603174605 0.42063492063492064 0.125 0.03571428571428571
15 0.2996031746031746 0.3439153439153439 0.11011904761904762 0.08994708994708994
0 0.876984126984127 0.4708994708994709 0.08333333333333333 0.4828042328042328
1 0.7628968253968254 0.6243386243386243 0.2718253968253968 0.4312169312169312
2 0.5178571428571429 0.5767195767195767 0.22420634920634921 0.3187830687830688
16 0.30753968253968256 0.2830687830687831 0.04265873015873016 0.04894179894179894
16 0.3492063492063492 0.3862433862433862 0.037698412698412696 0.03835978835978836
16 0.2638888888888889 0.3783068783068783 0.05952380952380952 0.06613756613756613
14 0.685515873015873 0.6481481481481481 0.10119047619047619 0.10052910052910052
14 0.4573412698412698 0.6216931216931217 0.027777777777777776 0.031746031746031744
14 0.48908730158730157 0.6031746031746031 0.03571428571428571 0.07142857142857142
14 0.5684523809523809 0.6283068783068783 0.04365079365079365 0.12169312169312169
14 0.6349206349206349 0.4880952380952381 0.02976190476190476 0.03439153439153439
14 0.6537698412698413 0.4365079365079365 0.06349206349206349 0.05423280423280423
14 0.49603174603174605 0.5370370370370371 0.09623015873015874 0.05952380952380952
14 0.5059523809523809 0.455026455026455 0.0992063492063492 0.03968253968253968
14 0.5188492063492064 0.4113756613756614 0.06547619047619048 0.06613756613756613