3 0.7400793650793651 0.21428571428571427 0.16666666666666666 0.24735449735449735
13 0.49404761904761907 0.5291005291005291 0.1636904761904762 0.15211640211640212
13 0.4444444444444444 0.6851851851851852 0.020833333333333332 0.022486772486772486
13 0.5674603174603174 0.753968253968254 0.18353174603174602 0.20899470899470898
15 0.30753968253968256 0.4417989417989418 0.12400793650793651 0.03571428571428571
15 0.2976190476190476 0.36772486772486773 0.10813492063492064 0.08862433862433862
0 0.8541666666666666 0.4947089947089947 0.07738095238095238 0.46164021164021163
1 0.6904761904761905 0.6746031746031746 0.36706349206349204 0.1931216931216931
2 0.5099206349206349 0.6216931216931217 0.21924603174603174 0.3029100529100529
16 0.2619047619047619 0.40343915343915343 0.05654761904761905 0.06613756613756613
16 0.30456349206349204 0.30952380952380953 0.041666666666666664 0.046296296296296294
16 0.3492063492063492 0.414021164021164 0.03869047619047619 0.04497354497354497
14 0.6309523809523809 0.4947089947089947 0.041666666666666664 0.07804232804232804
14 0.49702380952380953 0.4444444444444444 0.0873015873015873 0.09126984126984126
14 0.4861111111111111 0.5555555555555556 0.09027777777777778 0.06084656084656084
14 0.4781746031746032 0.6164021164021164 0.03373015873015873 0.056878306878306875
14 0.45436507936507936 0.6402116402116402 0.020833333333333332 0.0291005291005291
14 0.6259920634920635 0.6640211640211641 0.15873015873015872 0.09788359788359788