3 0.7619047619047619 0.1402116402116402 0.18948412698412698 0.2724867724867725
13 0.5853174603174603 0.6693121693121693 0.10218253968253968 0.3373015873015873
13 0.5178571428571429 0.6825396825396826 0.06646825396825397 0.0873015873015873
13 0.48412698412698413 0.5119047619047619 0.14682539682539683 0.21428571428571427
15 0.28174603174603174 0.41005291005291006 0.13194444444444445 0.03835978835978836
15 0.2718253968253968 0.328042328042328 0.12202380952380952 0.0992063492063492
0 0.4880952380952381 0.6798941798941799 0.2926587301587302 0.4193121693121693
1 0.7599206349206349 0.6164021164021164 0.2767857142857143 0.4497354497354497
2 0.5079365079365079 0.5767195767195767 0.23115079365079366 0.3386243386243386
16 0.2767857142857143 0.2605820105820106 0.047619047619047616 0.05555555555555555
16 0.23313492063492064 0.3664021164021164 0.06349206349206349 0.07407407407407407
16 0.3253968253968254 0.373015873015873 0.04265873015873016 0.046296296296296294
14 0.6488095238095238 0.41798941798941797 0.07043650793650794 0.05423280423280423
14 0.49503968253968256 0.41534391534391535 0.0992063492063492 0.10714285714285714
14 0.48412698412698413 0.5317460317460317 0.10912698412698413 0.06613756613756613
14 0.4742063492063492 0.6031746031746031 0.05257936507936508 0.07539682539682539
14 0.44047619047619047 0.626984126984127 0.03273809523809524 0.046296296296296294
14 0.6775793650793651 0.656084656084656 0.13690476190476192 0.08597883597883597