3 0.1984126984126984 0.21957671957671956 0.19345238095238096 0.24735449735449735
13 0.3134920634920635 0.6243386243386243 0.09226190476190477 0.25
13 0.38591269841269843 0.6375661375661376 0.057539682539682536 0.047619047619047616
13 0.47023809523809523 0.7407407407407407 0.03670634920634921 0.11375661375661375
13 0.5396825396825397 0.626984126984127 0.0992063492063492 0.30423280423280424
15 0.7361111111111112 0.33994708994708994 0.06646825396825397 0.14814814814814814
15 0.7896825396825397 0.30423280423280424 0.06448412698412699 0.15608465608465608
0 0.41369047619047616 0.6243386243386243 0.17857142857142858 0.4828042328042328
1 0.4503968253968254 0.4947089947089947 0.16468253968253968 0.4801587301587302
2 0.3531746031746032 0.58994708994709 0.13392857142857142 0.3968253968253968
16 0.8353174603174603 0.28703703703703703 0.03670634920634921 0.06613756613756613
16 0.7440476190476191 0.2804232804232804 0.054563492063492064 0.07671957671957672
16 0.7718253968253969 0.3783068783068783 0.034722222222222224 0.05555555555555555
14 0.40773809523809523 0.455026455026455 0.03373015873015873 0.05026455026455026
14 0.5188492063492064 0.5132275132275133 0.05555555555555555 0.04497354497354497
14 0.5783730158730159 0.5145502645502645 0.03968253968253968 0.042328042328042326
14 0.5902777777777778 0.7433862433862434 0.03373015873015873 0.09126984126984126
14 0.5892857142857143 0.6111111111111112 0.09722222222222222 0.08862433862433862
14 0.4662698412698413 0.623015873015873 0.028769841269841268 0.037037037037037035
14 0.4861111111111111 0.656084656084656 0.04662698412698413 0.07671957671957672
14 0.38095238095238093 0.7380952380952381 0.040674603174603176 0.03042328042328042
14 0.39285714285714285 0.6957671957671958 0.060515873015873016 0.03571428571428571
14 0.2926587301587302 0.5753968253968254 0.0496031746031746 0.13756613756613756
14 0.3273809523809524 0.6587301587301587 0.037698412698412696 0.06746031746031746
14 0.376984126984127 0.6243386243386243 0.054563492063492064 0.04894179894179894