3 0.8819444444444444 0.7354497354497355 0.21825396825396826 0.22883597883597884
13 0.4623015873015873 0.6957671957671958 0.0248015873015873 0.1283068783068783
13 0.5406746031746031 0.6111111111111112 0.08928571428571429 0.2843915343915344
13 0.35912698412698413 0.5145502645502645 0.13988095238095238 0.25925925925925924
15 0.5575396825396826 0.43386243386243384 0.12400793650793651 0.05026455026455026
15 0.8075396825396826 0.2857142857142857 0.060515873015873016 0.15079365079365079
0 0.42658730158730157 0.5542328042328042 0.0882936507936508 0.5052910052910053
1 0.49007936507936506 0.4444444444444444 0.07837301587301587 0.503968253968254
2 0.373015873015873 0.5026455026455027 0.07043650793650794 0.4126984126984127
16 0.5932539682539683 0.4087301587301587 0.040674603174603176 0.03968253968253968
16 0.753968253968254 0.2857142857142857 0.05654761904761905 0.07142857142857142
16 0.8531746031746031 0.2777777777777778 0.03670634920634921 0.06481481481481481
14 0.5456349206349206 0.49206349206349204 0.050595238095238096 0.07275132275132275
14 0.3353174603174603 0.4312169312169312 0.0744047619047619 0.082010582010582
14 0.3134920634920635 0.49867724867724866 0.04563492063492063 0.042328042328042326
14 0.36904761904761907 0.5529100529100529 0.1001984126984127 0.08068783068783068
14 0.39285714285714285 0.6084656084656085 0.05952380952380952 0.051587301587301584
14 0.373015873015873 0.6507936507936508 0.03571428571428571 0.0291005291005291
14 0.5714285714285714 0.7301587301587301 0.03373015873015873 0.0873015873015873
14 0.5972222222222222 0.6058201058201058 0.09623015873015874 0.11375661375661375
14 0.48115079365079366 0.5661375661375662 0.041666666666666664 0.037037037037037035
14 0.49007936507936506 0.6111111111111112 0.047619047619047616 0.06084656084656084