3 0.25396825396825395 0.6613756613756614 0.19543650793650794 0.2328042328042328
13 0.5049603174603174 0.4973544973544973 0.12698412698412698 0.20767195767195767
13 0.5992063492063492 0.6904761904761905 0.06845238095238096 0.1931216931216931
13 0.5436507936507936 0.6534391534391535 0.057539682539682536 0.08597883597883597
13 0.6388888888888888 0.5555555555555556 0.05853174603174603 0.1626984126984127
15 0.3194444444444444 0.3941798941798942 0.12996031746031747 0.03306878306878307
15 0.30952380952380953 0.3134920634920635 0.11805555555555555 0.09259259259259259
0 0.5238095238095238 0.6547619047619048 0.2847222222222222 0.40476190476190477
1 0.7847222222222222 0.5952380952380952 0.27380952380952384 0.43386243386243384
2 0.5406746031746031 0.5529100529100529 0.2222222222222222 0.32407407407407407
16 0.3621031746031746 0.3611111111111111 0.037698412698412696 0.047619047619047616
16 0.31547619047619047 0.25132275132275134 0.04662698412698413 0.05291005291005291
16 0.27380952380952384 0.35185185185185186 0.05853174603174603 0.06878306878306878
14 0.6974206349206349 0.6296296296296297 0.12301587301587301 0.09391534391534391
14 0.6746031746031746 0.4074074074074074 0.06646825396825397 0.06746031746031746
14 0.6607142857142857 0.4576719576719577 0.041666666666666664 0.03835978835978836
14 0.5456349206349206 0.3835978835978836 0.05853174603174603 0.06349206349206349
14 0.4861111111111111 0.42063492063492064 0.04365079365079365 0.03042328042328042
14 0.5456349206349206 0.4312169312169312 0.0763888888888889 0.047619047619047616
14 0.5178571428571429 0.503968253968254 0.11011904761904762 0.06349206349206349
14 0.5049603174603174 0.5793650793650794 0.04563492063492063 0.07142857142857142
14 0.47619047619047616 0.5978835978835979 0.030753968253968252 0.02513227513227513