3 0.7817460317460317 0.17195767195767195 0.17559523809523808 0.25793650793650796
13 0.47619047619047616 0.5859788359788359 0.07142857142857142 0.05026455026455026
13 0.49404761904761907 0.541005291005291 0.06646825396825397 0.047619047619047616
13 0.5337301587301587 0.455026455026455 0.06845238095238096 0.03571428571428571
13 0.5783730158730159 0.4695767195767196 0.06746031746031746 0.082010582010582
13 0.5793650793650794 0.7182539682539683 0.23015873015873015 0.21693121693121692
15 0.30357142857142855 0.6534391534391535 0.09226190476190477 0.1388888888888889
15 0.33134920634920634 0.3492063492063492 0.1130952380952381 0.07539682539682539
0 0.8928571428571429 0.4576719576719577 0.08234126984126984 0.4669312169312169
1 0.7301587301587301 0.6494708994708994 0.37996031746031744 0.15608465608465608
2 0.31547619047619047 0.7142857142857143 0.19642857142857142 0.3333333333333333
16 0.26686507936507936 0.6177248677248677 0.05357142857142857 0.07671957671957672
16 0.33134920634920634 0.2804232804232804 0.03968253968253968 0.051587301587301584
16 0.3740079365079365 0.3955026455026455 0.041666666666666664 0.03968253968253968
14 0.6646825396825397 0.4603174603174603 0.05654761904761905 0.07539682539682539
14 0.5436507936507936 0.4074074074074074 0.05654761904761905 0.0701058201058201
14 0.5376984126984127 0.49867724867724866 0.08432539682539683 0.12169312169312169
14 0.5029761904761905 0.6335978835978836 0.037698412698412696 0.03968253968253968
14 0.5049603174603174 0.7328042328042328 0.027777777777777776 0.046296296296296294
14 0.6011904761904762 0.6402116402116402 0.05357142857142857 0.041005291005291
14 0.7142857142857143 0.6375661375661376 0.07043650793650794 0.09391534391534391