3 0.7351190476190477 0.26455026455026454 0.16865079365079366 0.24735449735449735
13 0.5853174603174603 0.5396825396825397 0.09325396825396826 0.167989417989418
13 0.46726190476190477 0.6190476190476191 0.14285714285714285 0.1931216931216931
15 0.15773809523809523 0.3492063492063492 0.037698412698412696 0.14682539682539683
15 0.20634920634920634 0.37566137566137564 0.06845238095238096 0.1283068783068783
0 0.1884920634920635 0.716931216931217 0.19543650793650794 0.42724867724867727
1 0.48412698412698413 0.8042328042328042 0.310515873015873 0.3373015873015873
2 0.2837301587301587 0.26455026455026454 0.2400793650793651 0.09656084656084656
16 0.18055555555555555 0.29365079365079366 0.03571428571428571 0.03835978835978836
16 0.22420634920634921 0.30952380952380953 0.03670634920634921 0.04894179894179894
16 0.25396825396825395 0.3492063492063492 0.044642857142857144 0.07671957671957672
14 0.3958333333333333 0.6375661375661376 0.037698412698412696 0.03306878306878307
14 0.43353174603174605 0.6851851851851852 0.08333333333333333 0.051587301587301584
14 0.5734126984126984 0.7552910052910053 0.02976190476190476 0.031746031746031744
14 0.4880952380952381 0.5026455026455027 0.07043650793650794 0.08333333333333333
14 0.560515873015873 0.5767195767195767 0.09325396825396826 0.051587301587301584
14 0.4930555555555556 0.6666666666666666 0.021825396825396824 0.06481481481481481
14 0.5555555555555556 0.6798941798941799 0.08333333333333333 0.09656084656084656