3 0.7906746031746031 0.15873015873015872 0.1765873015873016 0.24206349206349206
13 0.48115079365079366 0.5608465608465608 0.06944444444444445 0.03835978835978836
13 0.501984126984127 0.5185185185185185 0.06547619047619048 0.04365079365079365
13 0.5615079365079365 0.4497354497354497 0.11706349206349206 0.07804232804232804
13 0.5208333333333334 0.6613756613756614 0.10714285714285714 0.15343915343915343
13 0.6299603174603174 0.6746031746031746 0.13095238095238096 0.12301587301587301
13 0.6468253968253969 0.75 0.03869047619047619 0.09523809523809523
15 0.29365079365079366 0.6005291005291006 0.07936507936507936 0.13227513227513227
15 0.3472222222222222 0.32142857142857145 0.10615079365079365 0.082010582010582
0 0.8988095238095238 0.44312169312169314 0.07837301587301587 0.4656084656084656
1 0.7321428571428571 0.626984126984127 0.375 0.1626984126984127
2 0.3273809523809524 0.6785714285714286 0.17559523809523808 0.3253968253968254
16 0.38492063492063494 0.3783068783068783 0.037698412698412696 0.04365079365079365
16 0.3869047619047619 0.27116402116402116 0.04265873015873016 0.082010582010582
16 0.3472222222222222 0.2619047619047619 0.03968253968253968 0.04365079365079365
14 0.6726190476190477 0.4417989417989418 0.0496031746031746 0.08068783068783068
14 0.5456349206349206 0.4497354497354497 0.0873015873015873 0.18121693121693122
14 0.5079365079365079 0.701058201058201 0.02976190476190476 0.056878306878306875
14 0.5119047619047619 0.6084656084656085 0.03869047619047619 0.04365079365079365
14 0.6031746031746031 0.626984126984127 0.040674603174603176 0.027777777777777776
14 0.7182539682539683 0.6111111111111112 0.06845238095238096 0.08597883597883597