3 0.7440476190476191 0.14285714285714285 0.1775793650793651 0.25793650793650796
13 0.7083333333333334 0.42063492063492064 0.15079365079365079 0.10052910052910052
13 0.5426587301587301 0.47619047619047616 0.05555555555555555 0.15211640211640212
13 0.5138888888888888 0.6084656084656085 0.13095238095238096 0.18121693121693122
13 0.6031746031746031 0.6375661375661376 0.044642857142857144 0.03439153439153439
15 0.2916666666666667 0.746031746031746 0.12896825396825398 0.05423280423280423
15 0.32142857142857145 0.667989417989418 0.11805555555555555 0.11375661375661375
0 0.875 0.43783068783068785 0.1378968253968254 0.4708994708994709
1 0.7579365079365079 0.5873015873015873 0.3740079365079365 0.23941798941798942
2 0.23809523809523808 0.5343915343915344 0.12003968253968254 0.4113756613756614
16 0.24801587301587302 0.7063492063492064 0.03968253968253968 0.051587301587301584
16 0.26785714285714285 0.6362433862433863 0.04365079365079365 0.05026455026455026
16 0.30257936507936506 0.5925925925925926 0.06746031746031746 0.0582010582010582
14 0.7103174603174603 0.6785714285714286 0.030753968253968252 0.0291005291005291
14 0.6656746031746031 0.6137566137566137 0.057539682539682536 0.06746031746031746
14 0.6091269841269841 0.6335978835978836 0.025793650793650792 0.042328042328042326
14 0.5257936507936508 0.6931216931216931 0.05257936507936508 0.08333333333333333
14 0.5148809523809523 0.5264550264550265 0.09325396825396826 0.09391534391534391
14 0.566468253968254 0.5833333333333334 0.03373015873015873 0.05291005291005291
14 0.6150793650793651 0.3994708994708995 0.0763888888888889 0.08333333333333333