3 0.7777777777777778 0.14682539682539683 0.1765873015873016 0.25132275132275134
13 0.5337301587301587 0.42328042328042326 0.0744047619047619 0.026455026455026454
13 0.626984126984127 0.7076719576719577 0.12996031746031747 0.17989417989417988
13 0.49503968253968256 0.5105820105820106 0.07341269841269842 0.04365079365079365
13 0.4781746031746032 0.5555555555555556 0.07043650793650794 0.03968253968253968
13 0.5059523809523809 0.6587301587301587 0.12202380952380952 0.1574074074074074
15 0.3373015873015873 0.31746031746031744 0.10813492063492064 0.08333333333333333
15 0.2896825396825397 0.5952380952380952 0.0763888888888889 0.1335978835978836
0 0.8928571428571429 0.42857142857142855 0.07837301587301587 0.4656084656084656
1 0.7261904761904762 0.6164021164021164 0.3740079365079365 0.1574074074074074
2 0.32142857142857145 0.6772486772486772 0.19146825396825398 0.32275132275132273
16 0.375 0.373015873015873 0.03670634920634921 0.046296296296296294
16 0.3373015873015873 0.25793650793650796 0.03869047619047619 0.04497354497354497
16 0.376984126984127 0.26455026455026454 0.044642857142857144 0.08068783068783068
14 0.6646825396825397 0.43253968253968256 0.05257936507936508 0.07936507936507936
14 0.5476190476190477 0.3888888888888889 0.08234126984126984 0.05026455026455026
14 0.5396825396825397 0.4708994708994709 0.07837301587301587 0.12566137566137567
14 0.6706349206349206 0.5992063492063492 0.17956349206349206 0.082010582010582
14 0.501984126984127 0.6005291005291006 0.040674603174603176 0.03042328042328042
14 0.501984126984127 0.6931216931216931 0.026785714285714284 0.04497354497354497