3 0.18055555555555555 0.7724867724867724 0.19146825396825398 0.21428571428571427
13 0.5753968253968254 0.6243386243386243 0.04365079365079365 0.03439153439153439
13 0.6755952380952381 0.4166666666666667 0.1488095238095238 0.09788359788359788
13 0.5873015873015873 0.37433862433862436 0.023809523809523808 0.037037037037037035
13 0.5178571428571429 0.4695767195767196 0.05257936507936508 0.1402116402116402
13 0.49206349206349204 0.593915343915344 0.11805555555555555 0.16666666666666666
15 0.20833333333333334 0.2962962962962963 0.04265873015873016 0.15079365079365079
15 0.25992063492063494 0.31613756613756616 0.08234126984126984 0.12698412698412698
0 0.24305555555555555 0.6481481481481481 0.21428571428571427 0.40476190476190477
1 0.7202380952380952 0.5793650793650794 0.3541666666666667 0.2275132275132275
2 0.3333333333333333 0.20105820105820105 0.25595238095238093 0.09656084656084656
16 0.2261904761904762 0.24074074074074073 0.03670634920634921 0.04365079365079365
16 0.2718253968253968 0.24867724867724866 0.04265873015873016 0.046296296296296294
16 0.30753968253968256 0.2857142857142857 0.040674603174603176 0.07539682539682539
14 0.6765873015873016 0.6613756613756614 0.031746031746031744 0.027777777777777776
14 0.6349206349206349 0.6058201058201058 0.05555555555555555 0.06613756613756613
14 0.5813492063492064 0.6243386243386243 0.027777777777777776 0.03571428571428571
14 0.49206349206349204 0.6798941798941799 0.05952380952380952 0.07539682539682539
14 0.503968253968254 0.544973544973545 0.09623015873015874 0.1335978835978836
14 0.5972222222222222 0.40476190476190477 0.09027777777777778 0.10449735449735449
14 0.6200396825396826 0.4894179894179894 0.061507936507936505 0.042328042328042326