3 0.24603174603174602 0.7685185185185185 0.1875 0.2222222222222222
13 0.5486111111111112 0.5423280423280423 0.10515873015873016 0.26587301587301587
13 0.746031746031746 0.42063492063492064 0.1378968253968254 0.10185185185185185
13 0.6349206349206349 0.626984126984127 0.047619047619047616 0.041005291005291
15 0.2698412698412698 0.291005291005291 0.044642857142857144 0.14947089947089948
15 0.32043650793650796 0.31216931216931215 0.08531746031746032 0.12962962962962962
0 0.30357142857142855 0.6455026455026455 0.21428571428571427 0.4087301587301587
1 0.7837301587301587 0.582010582010582 0.35615079365079366 0.23148148148148148
2 0.4007936507936508 0.19576719576719576 0.2708333333333333 0.09391534391534391
16 0.28869047619047616 0.23015873015873015 0.03373015873015873 0.041005291005291
16 0.33630952380952384 0.24338624338624337 0.04365079365079365 0.04894179894179894
16 0.37103174603174605 0.2830687830687831 0.044642857142857144 0.08068783068783068
14 0.7380952380952381 0.6640211640211641 0.031746031746031744 0.03042328042328042
14 0.6964285714285714 0.6058201058201058 0.05357142857142857 0.0701058201058201
14 0.6448412698412699 0.6283068783068783 0.0248015873015873 0.05026455026455026
14 0.5615079365079365 0.5158730158730159 0.09325396825396826 0.09126984126984126
14 0.5992063492063492 0.5793650793650794 0.028769841269841268 0.04365079365079365
14 0.5595238095238095 0.6772486772486772 0.05853174603174603 0.07936507936507936
14 0.6587301587301587 0.3955026455026455 0.0763888888888889 0.10052910052910052
14 0.6775793650793651 0.49074074074074076 0.05555555555555555 0.04497354497354497