3 0.7718253968253969 0.15476190476190477 0.1875 0.25396825396825395
13 0.7291666666666666 0.4365079365079365 0.1488095238095238 0.1111111111111111
13 0.621031746031746 0.656084656084656 0.04662698412698413 0.03439153439153439
13 0.558531746031746 0.4947089947089947 0.051587301587301584 0.15476190476190477
13 0.5317460317460317 0.6216931216931217 0.12797619047619047 0.17592592592592593
15 0.34424603174603174 0.35185185185185186 0.12103174603174603 0.08333333333333333
15 0.37896825396825395 0.30687830687830686 0.11805555555555555 0.07407407407407407
0 0.8908730158730159 0.4523809523809524 0.12003968253968254 0.48544973544973546
1 0.7698412698412699 0.6097883597883598 0.3680555555555556 0.24603174603174602
2 0.4176587301587302 0.20105820105820105 0.2837301587301587 0.19973544973544974
16 0.32142857142857145 0.2671957671957672 0.041666666666666664 0.056878306878306875
16 0.4027777777777778 0.24338624338624337 0.0625 0.05423280423280423
16 0.4087301587301587 0.35978835978835977 0.03373015873015873 0.04894179894179894
14 0.7242063492063492 0.6957671957671958 0.02976190476190476 0.027777777777777776
14 0.6259920634920635 0.6587301587301587 0.02976190476190476 0.0291005291005291
14 0.6825396825396826 0.6362433862433863 0.05257936507936508 0.06613756613756613
14 0.5317460317460317 0.7103174603174603 0.057539682539682536 0.07407407407407407
14 0.5416666666666666 0.5661375661375662 0.09821428571428571 0.1388888888888889
14 0.6339285714285714 0.4193121693121693 0.07539682539682539 0.10317460317460317
14 0.6587301587301587 0.5092592592592593 0.05654761904761905 0.047619047619047616