3 0.29365079365079366 0.8862433862433863 0.16567460317460317 0.2261904761904762
13 0.7301587301587301 0.5529100529100529 0.10615079365079365 0.10846560846560846
13 0.566468253968254 0.6640211640211641 0.10714285714285714 0.2619047619047619
15 0.2976190476190476 0.4021164021164021 0.03869047619047619 0.14153439153439154
15 0.3492063492063492 0.42857142857142855 0.08234126984126984 0.12301587301587301
0 0.3253968253968254 0.7579365079365079 0.20535714285714285 0.42063492063492064
1 0.7609126984126984 0.6984126984126984 0.2896825396825397 0.2156084656084656
2 0.4365079365079365 0.3148148148148148 0.2787698412698413 0.08862433862433862
16 0.4027777777777778 0.40343915343915343 0.03869047619047619 0.07936507936507936
16 0.36706349206349204 0.3611111111111111 0.03670634920634921 0.047619047619047616
16 0.31746031746031744 0.3478835978835979 0.03571428571428571 0.04497354497354497
14 0.7261904761904762 0.7751322751322751 0.028769841269841268 0.027777777777777776
14 0.6924603174603174 0.7208994708994709 0.050595238095238096 0.06349206349206349
14 0.6488095238095238 0.7380952380952381 0.028769841269841268 0.03835978835978836
14 0.6716269841269841 0.6137566137566137 0.0496031746031746 0.046296296296296294
14 0.6557539682539683 0.5317460317460317 0.05952380952380952 0.09126984126984126
14 0.6031746031746031 0.6375661375661376 0.022817460317460316 0.051587301587301584
14 0.5436507936507936 0.6402116402116402 0.027777777777777776 0.03571428571428571
14 0.5892857142857143 0.6666666666666666 0.0625 0.12698412698412698
14 0.5734126984126984 0.7896825396825397 0.060515873015873016 0.07407407407407407
14 0.6150793650793651 0.7473544973544973 0.020833333333333332 0.026455026455026454
14 0.5535714285714286 0.7328042328042328 0.026785714285714284 0.026455026455026454