3 0.7837301587301587 0.31084656084656087 0.14384920634920634 0.18783068783068782
13 0.628968253968254 0.5079365079365079 0.020833333333333332 0.09788359788359788
13 0.6587301587301587 0.5661375661375662 0.07837301587301587 0.07275132275132275
13 0.5595238095238095 0.5952380952380952 0.1130952380952381 0.15211640211640212
15 0.2896825396825397 0.37037037037037035 0.034722222222222224 0.12566137566137567
15 0.33134920634920634 0.3941798941798942 0.06746031746031746 0.11243386243386243
0 0.32142857142857145 0.6825396825396826 0.17559523809523808 0.35714285714285715
1 0.5783730158730159 0.753968253968254 0.25 0.2843915343915344
2 0.40476190476190477 0.30158730158730157 0.2222222222222222 0.09126984126984126
16 0.30952380952380953 0.3253968253968254 0.028769841269841268 0.03835978835978836
16 0.3482142857142857 0.335978835978836 0.03571428571428571 0.03968253968253968
16 0.3759920634920635 0.373015873015873 0.03571428571428571 0.062169312169312166
14 0.6478174603174603 0.7116402116402116 0.02976190476190476 0.023809523809523808
14 0.5773809523809523 0.503968253968254 0.060515873015873016 0.07142857142857142
14 0.6388888888888888 0.5714285714285714 0.0744047619047619 0.03835978835978836
14 0.49404761904761907 0.6164021164021164 0.026785714285714284 0.03042328042328042
14 0.5337301587301587 0.6574074074074074 0.07043650793650794 0.047619047619047616
14 0.5347222222222222 0.5912698412698413 0.01984126984126984 0.05026455026455026
14 0.5823412698412699 0.6375661375661376 0.023809523809523808 0.051587301587301584
14 0.623015873015873 0.6402116402116402 0.054563492063492064 0.04894179894179894