3 0.1527777777777778 0.8214285714285714 0.2013888888888889 0.20105820105820105
13 0.625 0.4894179894179894 0.15873015873015872 0.10052910052910052
13 0.47619047619047616 0.5423280423280423 0.04662698412698413 0.14682539682539683
13 0.4503968253968254 0.6613756613756614 0.1001984126984127 0.16534391534391535
13 0.5307539682539683 0.6851851851851852 0.04365079365079365 0.03968253968253968
15 0.1984126984126984 0.3862433862433862 0.03869047619047619 0.13227513227513227
15 0.24305555555555555 0.40343915343915343 0.07142857142857142 0.11375661375661375
0 0.2261904761904762 0.7195767195767195 0.1865079365079365 0.3862433862433862
1 0.6785714285714286 0.6455026455026455 0.3541666666666667 0.22486772486772486
2 0.30257936507936506 0.29894179894179895 0.21031746031746032 0.07804232804232804
16 0.21428571428571427 0.335978835978836 0.030753968253968252 0.03835978835978836
16 0.25297619047619047 0.3439153439153439 0.03968253968253968 0.046296296296296294
16 0.2847222222222222 0.37566137566137564 0.037698412698412696 0.06878306878306878
14 0.6319444444444444 0.7248677248677249 0.02976190476190476 0.03042328042328042
14 0.5912698412698413 0.6666666666666666 0.0625 0.06878306878306878
14 0.5347222222222222 0.6878306878306878 0.025793650793650792 0.03571428571428571
14 0.5456349206349206 0.4656084656084656 0.07242063492063493 0.0992063492063492
14 0.5694444444444444 0.5542328042328042 0.05357142857142857 0.042328042328042326
14 0.45634920634920634 0.5886243386243386 0.0763888888888889 0.08465608465608465
14 0.49603174603174605 0.6375661375661376 0.027777777777777776 0.046296296296296294
14 0.4642857142857143 0.7314814814814815 0.08035714285714286 0.09523809523809523