3 0.1865079365079365 0.23544973544973544 0.21726190476190477 0.28703703703703703
0 0.6130952380952381 0.26322751322751325 0.439484126984127 0.10582010582010581
1 0.7341269841269841 0.4708994708994709 0.376984126984127 0.3187830687830688
5 0.49404761904761907 0.5912698412698413 0.14583333333333334 0.1164021164021164
5 0.5396825396825397 0.4828042328042328 0.1359126984126984 0.08994708994708994
17 0.3958333333333333 0.42592592592592593 0.03373015873015873 0.14682539682539683
17 0.49007936507936506 0.6825396825396826 0.03670634920634921 0.09391534391534391
17 0.5496031746031746 0.6957671957671958 0.054563492063492064 0.10978835978835978
17 0.6448412698412699 0.5978835978835979 0.060515873015873016 0.062169312169312166
17 0.5198412698412699 0.36772486772486773 0.051587301587301584 0.1283068783068783
17 0.5714285714285714 0.30687830687830686 0.05357142857142857 0.051587301587301584
18 0.7023809523809523 0.40476190476190477 0.026785714285714284 0.03042328042328042
18 0.5972222222222222 0.6388888888888888 0.030753968253968252 0.04497354497354497