3 0.20833333333333334 0.753968253968254 0.2013888888888889 0.23941798941798942
0 0.5952380952380952 0.25925925925925924 0.3869047619047619 0.10582010582010581
1 0.7351190476190477 0.5317460317460317 0.3115079365079365 0.17063492063492064
5 0.5317460317460317 0.5833333333333334 0.14384920634920634 0.1349206349206349
17 0.4801587301587302 0.3373015873015873 0.12797619047619047 0.08465608465608465
17 0.5595238095238095 0.32275132275132273 0.028769841269841268 0.0873015873015873
17 0.4513888888888889 0.4656084656084656 0.051587301587301584 0.06613756613756613
17 0.4583333333333333 0.3994708994708995 0.030753968253968252 0.08333333333333333
17 0.6031746031746031 0.3439153439153439 0.05257936507936508 0.07539682539682539
17 0.501984126984127 0.4722222222222222 0.047619047619047616 0.07671957671957672
18 0.6726190476190477 0.3941798941798942 0.03273809523809524 0.041005291005291
18 0.6507936507936508 0.4087301587301587 0.026785714285714284 0.03439153439153439
18 0.6309523809523809 0.42592592592592593 0.025793650793650792 0.042328042328042326
18 0.5555555555555556 0.47883597883597884 0.026785714285714284 0.03306878306878307
18 0.5297619047619048 0.5185185185185185 0.025793650793650792 0.03439153439153439