3 0.19146825396825398 0.2619047619047619 0.20238095238095238 0.25
0 0.5833333333333334 0.27645502645502645 0.4037698412698413 0.10317460317460317
1 0.6726190476190477 0.5462962962962963 0.30753968253968256 0.3994708994708995
5 0.47619047619047616 0.6507936507936508 0.14384920634920634 0.07407407407407407
5 0.47619047619047616 0.46296296296296297 0.10416666666666667 0.1402116402116402
17 0.39186507936507936 0.58994708994709 0.03968253968253968 0.10978835978835978
17 0.42063492063492064 0.3492063492063492 0.1775793650793651 0.062169312169312166
17 0.5724206349206349 0.31746031746031744 0.08531746031746032 0.04894179894179894
17 0.5456349206349206 0.5648148148148148 0.05654761904761905 0.1111111111111111
18 0.5773809523809523 0.455026455026455 0.04265873015873016 0.046296296296296294
18 0.6428571428571429 0.42328042328042326 0.03273809523809524 0.04497354497354497
18 0.6646825396825397 0.41005291005291006 0.021825396825396824 0.04365079365079365