3 0.19444444444444445 0.31746031746031744 0.2113095238095238 0.2526455026455027
0 0.5982142857142857 0.32936507936507936 0.40476190476190477 0.08994708994708994
1 0.6944444444444444 0.6071428571428571 0.310515873015873 0.4126984126984127
5 0.49206349206349204 0.5238095238095238 0.10912698412698413 0.14153439153439154
5 0.4880952380952381 0.708994708994709 0.13988095238095238 0.09259259259259259
17 0.4384920634920635 0.41005291005291006 0.16865079365079366 0.062169312169312166
17 0.42063492063492064 0.6521164021164021 0.09027777777777778 0.12433862433862433
17 0.5238095238095238 0.791005291005291 0.034722222222222224 0.11243386243386243
18 0.6825396825396826 0.4708994708994709 0.028769841269841268 0.03571428571428571
18 0.6547619047619048 0.48148148148148145 0.026785714285714284 0.041005291005291
18 0.6646825396825397 0.3941798941798942 0.018849206349206348 0.03571428571428571
18 0.5882936507936508 0.5105820105820106 0.031746031746031744 0.031746031746031744
18 0.4861111111111111 0.544973544973545 0.0248015873015873 0.03439153439153439