3 0.22817460317460317 0.21296296296296297 0.19345238095238096 0.23809523809523808
0 0.6091269841269841 0.23809523809523808 0.38591269841269843 0.0873015873015873
1 0.7123015873015873 0.38095238095238093 0.35813492063492064 0.25132275132275134
5 0.5109126984126984 0.5343915343915344 0.13095238095238096 0.11375661375661375
5 0.5773809523809523 0.4656084656084656 0.06448412698412699 0.09259259259259259
17 0.39880952380952384 0.3439153439153439 0.09226190476190477 0.08333333333333333
17 0.4623015873015873 0.42592592592592593 0.13690476190476192 0.10185185185185185
17 0.4305555555555556 0.5370370370370371 0.03273809523809524 0.10317460317460317
17 0.5059523809523809 0.6216931216931217 0.040674603174603176 0.08068783068783068
17 0.5555555555555556 0.6190476190476191 0.040674603174603176 0.0992063492063492
18 0.5992063492063492 0.5714285714285714 0.03373015873015873 0.05026455026455026
18 0.6646825396825397 0.47883597883597884 0.030753968253968252 0.03968253968253968
18 0.4623015873015873 0.2962962962962963 0.040674603174603176 0.03306878306878307
18 0.4623015873015873 0.30158730158730157 0.034722222222222224 0.04365079365079365