3 0.1865079365079365 0.2830687830687831 0.19940476190476192 0.23412698412698413
0 0.5793650793650794 0.29365079365079366 0.3968253968253968 0.12698412698412698
1 0.6944444444444444 0.48677248677248675 0.314484126984127 0.31084656084656087
5 0.4662698412698413 0.5833333333333334 0.12103174603174603 0.10317460317460317
5 0.5198412698412699 0.48412698412698413 0.1359126984126984 0.08068783068783068
17 0.3630952380952381 0.41005291005291006 0.06746031746031746 0.07275132275132275
17 0.4662698412698413 0.6613756613756614 0.034722222222222224 0.08597883597883597
17 0.5138888888888888 0.6653439153439153 0.028769841269841268 0.09523809523809523
17 0.6011904761904762 0.58994708994709 0.05357142857142857 0.062169312169312166
17 0.628968253968254 0.5171957671957672 0.07142857142857142 0.05555555555555555
17 0.49404761904761907 0.37037037037037035 0.03968253968253968 0.082010582010582
18 0.5615079365079365 0.6256613756613757 0.034722222222222224 0.037037037037037035
18 0.6547619047619048 0.42328042328042326 0.027777777777777776 0.031746031746031744
18 0.3611111111111111 0.4523809523809524 0.02976190476190476 0.03571428571428571
18 0.5297619047619048 0.5079365079365079 0.031746031746031744 0.0291005291005291
18 0.42757936507936506 0.3386243386243386 0.041666666666666664 0.04497354497354497
18 0.5525793650793651 0.5767195767195767 0.025793650793650792 0.041005291005291