3 0.1765873015873016 0.8095238095238095 0.21726190476190477 0.24867724867724866
0 0.5634920634920635 0.30687830687830686 0.39087301587301587 0.08862433862433862
1 0.6716269841269841 0.44841269841269843 0.35119047619047616 0.24338624338624337
5 0.49107142857142855 0.6256613756613757 0.13095238095238096 0.12433862433862433
5 0.5426587301587301 0.5582010582010583 0.1349206349206349 0.0873015873015873
17 0.36706349206349204 0.5965608465608465 0.11706349206349206 0.20899470899470898
17 0.42956349206349204 0.40343915343915343 0.08531746031746032 0.07936507936507936
17 0.49503968253968256 0.7407407407407407 0.04563492063492063 0.12169312169312169
17 0.5158730158730159 0.42063492063492064 0.03869047619047619 0.09656084656084656
17 0.4503968253968254 0.48412698412698413 0.0763888888888889 0.04894179894179894
17 0.4523809523809524 0.533068783068783 0.044642857142857144 0.0582010582010582
18 0.6299603174603174 0.4497354497354497 0.03571428571428571 0.03835978835978836
18 0.43452380952380953 0.656084656084656 0.02976190476190476 0.05291005291005291
18 0.6369047619047619 0.3637566137566138 0.026785714285714284 0.0291005291005291