3 0.17063492063492064 0.23677248677248677 0.20734126984126985 0.26455026455026454
0 0.5873015873015873 0.25925925925925924 0.4246031746031746 0.11772486772486772
1 0.6666666666666666 0.5423280423280423 0.310515873015873 0.4166666666666667
5 0.47023809523809523 0.4497354497354497 0.11011904761904762 0.1388888888888889
5 0.4732142857142857 0.6441798941798942 0.1388888888888889 0.08994708994708994
17 0.3759920634920635 0.5727513227513228 0.051587301587301584 0.11904761904761904
17 0.3462301587301587 0.3544973544973545 0.03968253968253968 0.11507936507936507
17 0.4384920634920635 0.335978835978836 0.11210317460317461 0.06481481481481481
17 0.5634920634920635 0.294973544973545 0.07043650793650794 0.05555555555555555
17 0.5456349206349206 0.544973544973545 0.03670634920634921 0.12301587301587301
18 0.6607142857142857 0.3994708994708995 0.025793650793650792 0.046296296296296294
18 0.6378968253968254 0.4126984126984127 0.02976190476190476 0.03571428571428571
18 0.5684523809523809 0.4444444444444444 0.031746031746031744 0.041005291005291
18 0.4652777777777778 0.4722222222222222 0.03373015873015873 0.05026455026455026