3 0.21329365079365079 0.8042328042328042 0.2123015873015873 0.2605820105820106
0 0.6011904761904762 0.29894179894179895 0.39186507936507936 0.09523809523809523
1 0.7470238095238095 0.623015873015873 0.3134920634920635 0.1984126984126984
5 0.5059523809523809 0.6296296296296297 0.1488095238095238 0.10714285714285714
5 0.5496031746031746 0.5423280423280423 0.13988095238095238 0.1111111111111111
17 0.3869047619047619 0.38756613756613756 0.034722222222222224 0.09523809523809523
17 0.4722222222222222 0.3716931216931217 0.13392857142857142 0.05291005291005291
17 0.5952380952380952 0.3333333333333333 0.0763888888888889 0.056878306878306875
17 0.5327380952380952 0.7328042328042328 0.03373015873015873 0.11243386243386243
18 0.6111111111111112 0.4656084656084656 0.0248015873015873 0.03968253968253968
18 0.6448412698412699 0.455026455026455 0.028769841269841268 0.04497354497354497
18 0.6666666666666666 0.4417989417989418 0.026785714285714284 0.046296296296296294
18 0.683531746031746 0.42592592592592593 0.017857142857142856 0.03968253968253968
18 0.6805555555555556 0.3544973544973545 0.034722222222222224 0.03835978835978836
18 0.5238095238095238 0.4021164021164021 0.027777777777777776 0.04497354497354497