3 0.18253968253968253 0.2566137566137566 0.20337301587301587 0.2552910052910053
0 0.5714285714285714 0.2751322751322751 0.3968253968253968 0.10846560846560846
1 0.6755952380952381 0.5370370370370371 0.3273809523809524 0.40343915343915343
5 0.4712301587301587 0.4603174603174603 0.10515873015873016 0.13756613756613756
5 0.4781746031746032 0.6494708994708994 0.1488095238095238 0.09523809523809523
17 0.503968253968254 0.7275132275132276 0.04861111111111111 0.11904761904761904
17 0.5496031746031746 0.5582010582010583 0.044642857142857144 0.10317460317460317
17 0.3531746031746032 0.3611111111111111 0.040674603174603176 0.08994708994708994
17 0.44047619047619047 0.3544973544973545 0.1259920634920635 0.05423280423280423
17 0.37996031746031744 0.578042328042328 0.047619047619047616 0.10582010582010581
18 0.5694444444444444 0.4537037037037037 0.04365079365079365 0.04497354497354497
18 0.6388888888888888 0.42592592592592593 0.027777777777777776 0.04894179894179894
18 0.6547619047619048 0.4087301587301587 0.028769841269841268 0.042328042328042326
18 0.6498015873015873 0.3412698412698413 0.02976190476190476 0.04365079365079365
18 0.5714285714285714 0.35714285714285715 0.028769841269841268 0.03306878306878307
18 0.4712301587301587 0.48148148148148145 0.027777777777777776 0.04365079365079365