3 0.2390873015873016 0.20899470899470898 0.1984126984126984 0.291005291005291
0 0.6240079365079365 0.2724867724867725 0.39880952380952384 0.10978835978835978
1 0.7222222222222222 0.43253968253968256 0.3521825396825397 0.26455026455026454
5 0.5178571428571429 0.5767195767195767 0.13194444444444445 0.11904761904761904
5 0.5843253968253969 0.5079365079365079 0.05952380952380952 0.06746031746031746
17 0.4037698412698413 0.37566137566137564 0.09325396825396826 0.07407407407407407
17 0.44642857142857145 0.45105820105820105 0.08035714285714286 0.10052910052910052
17 0.5238095238095238 0.48677248677248675 0.05853174603174603 0.08465608465608465
17 0.5297619047619048 0.2724867724867725 0.028769841269841268 0.07539682539682539
17 0.5158730158730159 0.671957671957672 0.03869047619047619 0.09391534391534391
17 0.5694444444444444 0.671957671957672 0.031746031746031744 0.0992063492063492
18 0.6130952380952381 0.6216931216931217 0.03869047619047619 0.041005291005291
18 0.4771825396825397 0.32275132275132273 0.03968253968253968 0.05423280423280423
18 0.4146825396825397 0.5925925925925926 0.03273809523809524 0.051587301587301584
18 0.39087301587301587 0.42857142857142855 0.022817460317460316 0.042328042328042326