3 0.1865079365079365 0.8002645502645502 0.23015873015873015 0.2671957671957672
0 0.5932539682539683 0.29365079365079366 0.4037698412698413 0.10185185185185185
1 0.6666666666666666 0.593915343915344 0.3878968253968254 0.26455026455026454
5 0.5198412698412699 0.6190476190476191 0.1259920634920635 0.14682539682539683
5 0.5396825396825397 0.5687830687830688 0.0992063492063492 0.06878306878306878
17 0.3878968253968254 0.5925925925925926 0.13293650793650794 0.2447089947089947
17 0.4662698412698413 0.3888888888888889 0.10813492063492064 0.09656084656084656
17 0.5198412698412699 0.7328042328042328 0.050595238095238096 0.10714285714285714
17 0.5376984126984127 0.3994708994708995 0.025793650793650792 0.08465608465608465
18 0.683531746031746 0.42328042328042326 0.03373015873015873 0.04497354497354497
18 0.6607142857142857 0.43915343915343913 0.03273809523809524 0.04894179894179894