3 0.17857142857142858 0.32142857142857145 0.2113095238095238 0.23015873015873015
0 0.5466269841269841 0.30687830687830686 0.4027777777777778 0.10317460317460317
1 0.6696428571428571 0.4365079365079365 0.3948412698412698 0.24074074074074073
5 0.4513888888888889 0.6071428571428571 0.12698412698412698 0.10052910052910052
5 0.5119047619047619 0.5185185185185185 0.06646825396825397 0.06746031746031746
17 0.3521825396825397 0.46164021164021163 0.0496031746031746 0.11375661375661375
17 0.41964285714285715 0.5079365079365079 0.10515873015873016 0.07539682539682539
17 0.376984126984127 0.6084656084656085 0.034722222222222224 0.10052910052910052
17 0.4513888888888889 0.6891534391534392 0.03571428571428571 0.08994708994708994
17 0.5079365079365079 0.6891534391534392 0.028769841269841268 0.09788359788359788
17 0.5952380952380952 0.5925925925925926 0.0763888888888889 0.05291005291005291
17 0.6111111111111112 0.5132275132275133 0.09226190476190477 0.051587301587301584
18 0.5515873015873016 0.6375661375661376 0.03373015873015873 0.046296296296296294
18 0.6051587301587301 0.42592592592592593 0.030753968253968252 0.03042328042328042
18 0.32936507936507936 0.4801587301587302 0.028769841269841268 0.031746031746031744
18 0.501984126984127 0.5687830687830688 0.022817460317460316 0.03439153439153439
18 0.4017857142857143 0.3716931216931217 0.02976190476190476 0.042328042328042326