3 0.21031746031746032 0.24338624338624337 0.20436507936507936 0.28174603174603174
0 0.6051587301587301 0.2724867724867725 0.4037698412698413 0.0992063492063492
1 0.7420634920634921 0.41798941798941797 0.4236111111111111 0.26322751322751325
5 0.503968253968254 0.5833333333333334 0.14583333333333334 0.12698412698412698
5 0.5694444444444444 0.5052910052910053 0.07341269841269842 0.07539682539682539
17 0.3948412698412698 0.42857142857142855 0.031746031746031744 0.14947089947089948
17 0.4365079365079365 0.47883597883597884 0.044642857142857144 0.08333333333333333
17 0.503968253968254 0.48677248677248675 0.05555555555555555 0.08465608465608465
17 0.49603174603174605 0.6746031746031746 0.04265873015873016 0.10714285714285714
17 0.6706349206349206 0.49206349206349204 0.08234126984126984 0.04365079365079365
17 0.4166666666666667 0.5767195767195767 0.031746031746031744 0.10846560846560846
18 0.6011904761904762 0.626984126984127 0.034722222222222224 0.05026455026455026
18 0.6666666666666666 0.5238095238095238 0.03273809523809524 0.041005291005291
18 0.6626984126984127 0.4193121693121693 0.030753968253968252 0.03439153439153439
18 0.6904761904761905 0.4708994708994709 0.04365079365079365 0.042328042328042326
18 0.4573412698412698 0.3386243386243386 0.02976190476190476 0.04497354497354497
18 0.6765873015873016 0.335978835978836 0.013888888888888888 0.022486772486772486