3 0.16468253968253968 0.32407407407407407 0.2123015873015873 0.21957671957671956
0 0.5297619047619048 0.3148148148148148 0.4097222222222222 0.08333333333333333
1 0.6527777777777778 0.49603174603174605 0.33035714285714285 0.2804232804232804
5 0.43452380952380953 0.6084656084656085 0.12400793650793651 0.10978835978835978
5 0.4712301587301587 0.5079365079365079 0.12896825396825398 0.07539682539682539
17 0.3551587301587302 0.4669312169312169 0.04563492063492063 0.12169312169312169
17 0.45436507936507936 0.3915343915343915 0.044642857142857144 0.0701058201058201
17 0.5734126984126984 0.6058201058201058 0.0625 0.06481481481481481
17 0.3621031746031746 0.6137566137566137 0.02976190476190476 0.10449735449735449
18 0.6160714285714286 0.42857142857142855 0.027777777777777776 0.03439153439153439
18 0.3194444444444444 0.47619047619047616 0.022817460317460316 0.03835978835978836
18 0.5277777777777778 0.6455026455026455 0.026785714285714284 0.03835978835978836