23
100 72 300 262 Glass
321 399 476 589 Yellow Pasta
516 512 573 605 Yellow Pasta
538 355 685 573 Yellow Pasta
724 198 798 308 Apple
780 165 844 285 Apple
357 301 604 647 Fork
385 200 608 545 Knife
322 315 505 605 Spoon
781 264 815 304 Grape
842 189 879 235 Grape
737 180 798 237 Grape
612 348 649 384 Rocket
426 327 461 366 Rocket
539 366 596 392 Rocket
514 442 548 483 Rocket
540 448 586 526 Rocket
605 412 705 473 Rocket
656 509 692 577 Rocket
440 556 478 585 Rocket
426 522 494 551 Rocket
308 402 387 521 Rocket
376 463 460 545 Rocket
