22
673 13 846 208 Glass
640 288 809 364 Yellow Pasta
533 306 577 416 Yellow Pasta
464 398 603 531 Yellow Pasta
239 548 371 584 Apple
273 464 386 554 Apple
821 158 959 516 Fork
580 355 964 542 Knife
187 250 309 558 Spoon
234 517 277 555 Grape
252 462 301 504 Grape
277 428 345 471 Grape
706 503 741 528 Rocket
607 470 637 501 Rocket
651 442 712 495 Rocket
494 502 555 559 Rocket
537 480 584 511 Rocket
501 470 520 493 Rocket
484 368 581 434 Rocket
542 424 593 478 Rocket
625 359 687 396 Rocket
595 270 670 343 Rocket
