22
88 75 291 269 Glass
469 593 517 620 Yellow Pasta
519 526 564 611 Yellow Pasta
538 349 668 581 Yellow Pasta
307 401 472 600 Yellow Pasta
714 201 787 315 Apple
769 172 837 291 Apple
347 305 589 655 Fork
375 207 601 551 Knife
311 323 493 613 Spoon
727 188 786 242 Grape
769 271 804 310 Grape
831 195 870 242 Grape
419 339 458 372 Rocket
305 417 483 563 Rocket
433 565 466 593 Rocket
505 448 532 490 Rocket
526 470 571 536 Rocket
524 366 587 400 Rocket
607 361 632 392 Rocket
619 418 694 475 Rocket
647 521 683 585 Rocket
