23
672 36 850 233 Glass
488 481 624 619 Yellow Pasta
578 389 662 477 Yellow Pasta
463 414 540 470 Yellow Pasta
434 307 589 407 Yellow Pasta
421 390 466 443 Yellow Pasta
248 304 374 331 Apple
247 226 358 294 Apple
842 173 926 538 Fork
632 309 906 635 Knife
409 316 635 557 Spoon
288 195 331 232 Grape
333 278 371 307 Grape
236 261 296 311 Grape
640 452 742 528 Rocket
447 458 475 482 Rocket
475 429 511 483 Rocket
551 429 595 521 Rocket
625 356 655 382 Rocket
627 310 691 351 Rocket
451 384 548 429 Rocket
460 329 560 359 Rocket
490 286 556 336 Rocket
