22
702 12 871 197 Glass
676 267 814 352 Yellow Pasta
649 259 669 288 Yellow Pasta
501 285 614 499 Yellow Pasta
620 450 656 469 Yellow Pasta
288 497 408 545 Apple
302 435 422 499 Apple
844 149 963 491 Fork
613 335 967 517 Knife
293 279 424 572 Spoon
390 468 426 504 Grape
300 427 338 460 Grape
326 401 390 438 Grape
727 480 761 500 Rocket
675 419 730 470 Rocket
636 441 660 476 Rocket
519 443 586 526 Rocket
520 364 549 398 Rocket
552 349 609 407 Rocket
590 400 623 439 Rocket
623 254 700 326 Rocket
652 337 717 375 Rocket
