23
702 7 888 214 Glass
516 459 590 527 Yellow Pasta
592 439 673 609 Yellow Pasta
578 392 660 437 Yellow Pasta
559 261 649 381 Yellow Pasta
454 373 535 447 Yellow Pasta
498 306 562 332 Yellow Pasta
297 248 421 294 Apple
330 196 443 260 Apple
864 149 946 519 Fork
589 265 951 452 Knife
274 46 536 230 Spoon
404 238 438 273 Grape
365 155 431 196 Grape
305 183 349 220 Grape
509 263 561 313 Rocket
637 331 704 388 Rocket
618 436 754 503 Rocket
512 393 571 498 Rocket
468 458 499 489 Rocket
482 328 532 404 Rocket
523 313 576 358 Rocket
548 352 585 375 Rocket
