22
157 412 354 588 Glass
445 298 573 455 Yellow Pasta
570 449 639 595 Yellow Pasta
519 462 577 527 Yellow Pasta
614 359 673 482 Yellow Pasta
257 286 388 311 Apple
252 202 371 272 Apple
384 342 671 648 Fork
653 286 929 614 Knife
433 296 657 541 Spoon
346 255 384 291 Grape
295 170 342 210 Grape
247 240 306 292 Grape
641 440 765 511 Rocket
646 282 713 333 Rocket
645 332 687 361 Rocket
520 266 579 314 Rocket
468 307 512 330 Rocket
511 308 588 344 Rocket
466 357 577 405 Rocket
486 411 532 465 Rocket
465 443 496 462 Rocket
