25
103 72 298 259 Glass
269 377 362 566 Yellow Pasta
360 464 418 500 Yellow Pasta
455 517 492 603 Yellow Pasta
494 359 594 589 Yellow Pasta
709 201 776 313 Apple
764 171 829 289 Apple
327 289 507 654 Fork
371 192 537 555 Knife
288 296 423 596 Spoon
824 192 861 242 Grape
723 183 778 241 Grape
760 265 795 307 Grape
394 325 428 363 Rocket
495 371 551 405 Rocket
563 373 603 405 Rocket
578 528 612 597 Rocket
545 429 643 496 Rocket
455 457 484 485 Rocket
466 467 513 525 Rocket
364 547 405 570 Rocket
365 513 426 540 Rocket
270 383 320 487 Rocket
311 473 349 524 Rocket
353 453 408 490 Rocket
