21
127 414 332 593 Glass
548 484 630 615 Yellow Pasta
596 366 655 484 Yellow Pasta
449 301 565 389 Yellow Pasta
432 388 549 452 Yellow Pasta
239 283 369 312 Apple
235 199 353 269 Apple
358 346 658 658 Fork
411 297 646 548 Spoon
644 288 923 628 Knife
226 237 285 291 Grape
278 166 324 205 Grape
326 252 369 287 Grape
630 290 709 324 Rocket
632 446 757 518 Rocket
494 258 569 317 Rocket
459 307 561 340 Rocket
448 363 559 415 Rocket
477 414 517 471 Rocket
446 444 484 475 Rocket
561 447 594 511 Rocket
