24
701 482 908 682 Glass
420 516 445 586 Yellow Pasta
456 408 541 609 Yellow Pasta
285 367 356 514 Yellow Pasta
374 459 398 492 Yellow Pasta
447 355 558 383 Apple
725 160 790 289 Apple
345 295 435 648 Fork
399 212 477 490 Knife
317 298 383 576 Spoon
667 203 724 259 Grape
783 181 826 230 Grape
521 332 559 362 Grape
508 553 546 621 Rocket
500 449 586 532 Rocket
478 389 527 438 Rocket
427 465 456 484 Rocket
430 478 476 528 Rocket
345 524 368 547 Rocket
350 495 396 522 Rocket
314 441 389 492 Rocket
284 419 316 453 Rocket
291 361 328 395 Rocket
405 336 433 371 Rocket
