22
779 469 999 642 Glass
453 477 478 574 Yellow Pasta
500 354 590 569 Yellow Pasta
292 291 433 487 Yellow Pasta
500 309 625 347 Apple
783 159 844 273 Apple
385 228 474 610 Fork
454 145 533 526 Knife
341 224 412 536 Spoon
578 294 619 324 Grape
732 189 789 243 Grape
842 186 879 235 Grape
524 344 575 399 Rocket
300 295 375 357 Rocket
293 361 339 393 Rocket
321 388 422 449 Rocket
366 440 426 479 Rocket
358 481 394 503 Rocket
559 519 593 585 Rocket
554 415 651 501 Rocket
464 414 506 442 Rocket
470 439 518 485 Rocket
