23
119 83 306 264 Glass
493 365 557 571 Yellow Pasta
433 479 465 562 Yellow Pasta
283 302 417 491 Yellow Pasta
482 314 607 354 Apple
761 162 821 279 Apple
372 239 460 607 Fork
436 152 511 526 Knife
328 235 401 537 Spoon
559 299 599 331 Grape
711 193 767 248 Grape
818 191 855 238 Grape
427 283 452 323 Rocket
510 352 560 394 Rocket
542 417 630 500 Rocket
544 519 572 581 Rocket
448 442 510 489 Rocket
452 415 482 445 Rocket
349 480 384 506 Rocket
356 446 410 483 Rocket
352 395 411 431 Rocket
308 411 347 448 Rocket
283 309 374 405 Rocket
