29
108 77 303 263 Glass
497 368 595 592 Yellow Pasta
285 388 368 568 Yellow Pasta
360 474 426 518 Yellow Pasta
472 520 496 600 Yellow Pasta
717 207 785 316 Apple
771 177 835 291 Apple
333 292 514 654 Fork
377 197 541 559 Knife
294 301 431 600 Spoon
830 200 868 245 Grape
729 190 789 246 Grape
768 274 805 315 Grape
571 377 609 409 Rocket
520 376 558 394 Rocket
501 380 524 409 Rocket
462 459 493 488 Rocket
474 470 517 531 Rocket
553 434 574 488 Rocket
577 434 648 502 Rocket
586 534 618 600 Rocket
372 549 406 577 Rocket
373 517 430 548 Rocket
362 458 412 493 Rocket
319 478 357 528 Rocket
402 329 431 366 Rocket
274 379 312 486 Rocket
307 413 332 465 Rocket
328 391 352 411 Rocket
