24
134 94 321 271 Glass
390 526 428 556 Yellow Pasta
451 486 483 568 Yellow Pasta
509 369 581 577 Yellow Pasta
298 313 387 503 Yellow Pasta
393 419 438 449 Yellow Pasta
773 167 835 286 Apple
497 318 620 358 Apple
382 246 478 616 Fork
451 159 537 530 Knife
341 242 415 542 Spoon
574 305 615 336 Grape
724 197 781 252 Grape
830 194 868 240 Grape
438 288 471 327 Rocket
300 307 375 460 Rocket
374 398 427 443 Rocket
365 486 403 514 Rocket
371 445 431 490 Rocket
468 420 494 455 Rocket
518 359 573 410 Rocket
560 525 588 585 Rocket
551 416 641 503 Rocket
471 435 528 497 Rocket
