23
152 488 335 655 Glass
676 272 817 345 Yellow Pasta
554 295 607 395 Yellow Pasta
494 380 525 410 Yellow Pasta
528 411 583 470 Yellow Pasta
606 298 637 336 Yellow Pasta
584 447 619 505 Yellow Pasta
620 455 660 481 Yellow Pasta
245 154 289 267 Apple
276 180 363 278 Apple
195 327 411 637 Fork
608 342 966 517 Knife
264 106 534 176 Spoon
268 154 300 185 Grape
311 161 356 195 Grape
350 181 391 236 Grape
724 483 761 503 Rocket
674 425 726 476 Rocket
528 470 590 534 Rocket
518 355 600 416 Rocket
594 409 619 450 Rocket
648 339 710 379 Rocket
615 254 691 331 Rocket
