23
620 10 789 210 Glass
537 450 619 617 Yellow Pasta
456 473 535 542 Yellow Pasta
385 387 468 453 Yellow Pasta
427 316 496 348 Yellow Pasta
501 395 594 434 Yellow Pasta
484 274 571 391 Yellow Pasta
224 272 347 312 Apple
257 214 370 281 Apple
786 143 878 507 Fork
517 275 877 444 Knife
200 60 448 255 Spoon
330 254 366 290 Grape
288 174 352 218 Grape
232 205 272 242 Grape
410 471 438 501 Rocket
450 405 502 511 Rocket
422 345 464 437 Rocket
452 322 504 373 Rocket
480 363 517 386 Rocket
440 275 496 323 Rocket
564 339 629 390 Rocket
553 437 689 503 Rocket
