21
86 503 279 665 Glass
558 459 602 485 Yellow Pasta
606 278 756 352 Yellow Pasta
580 269 604 297 Yellow Pasta
496 302 549 408 Yellow Pasta
437 386 556 512 Yellow Pasta
188 167 231 281 Apple
220 191 303 287 Apple
137 337 353 643 Fork
547 352 904 524 Knife
207 115 465 188 Spoon
210 165 247 198 Grape
253 170 296 205 Grape
289 188 330 245 Grape
666 490 698 511 Rocket
612 433 668 483 Rocket
572 458 600 485 Rocket
466 485 526 542 Rocket
459 362 556 463 Rocket
557 267 648 346 Rocket
594 354 656 386 Rocket
