21
652 33 817 219 Glass
451 322 567 386 Yellow Pasta
413 390 480 422 Yellow Pasta
397 423 461 460 Yellow Pasta
415 460 519 584 Yellow Pasta
507 482 647 625 Yellow Pasta
257 273 375 316 Apple
290 220 402 286 Apple
812 166 894 522 Fork
492 430 873 548 Knife
236 72 485 258 Spoon
363 260 394 297 Grape
322 181 384 223 Grape
266 212 307 248 Grape
592 319 646 376 Rocket
626 438 702 514 Rocket
440 534 464 574 Rocket
437 463 474 494 Rocket
456 288 533 421 Rocket
532 485 569 507 Rocket
582 486 635 513 Rocket
