23
680 9 863 220 Glass
470 314 550 341 Yellow Pasta
523 313 596 379 Yellow Pasta
437 386 512 414 Yellow Pasta
421 417 490 452 Yellow Pasta
431 450 555 582 Yellow Pasta
557 474 677 618 Yellow Pasta
270 270 392 310 Apple
316 228 426 289 Apple
843 152 926 517 Fork
519 422 907 543 Knife
186 405 401 648 Spoon
388 261 422 294 Grape
364 172 414 232 Grape
317 164 354 209 Grape
630 309 670 339 Rocket
624 337 678 367 Rocket
498 274 558 327 Rocket
482 318 562 416 Rocket
470 529 495 564 Rocket
466 458 504 486 Rocket
560 436 736 507 Rocket
567 413 596 442 Rocket
