22
770 468 990 641 Glass
497 358 584 576 Yellow Pasta
433 467 471 560 Yellow Pasta
282 284 423 493 Yellow Pasta
492 309 618 346 Apple
780 162 835 279 Apple
379 228 466 609 Fork
449 142 522 527 Knife
334 225 406 536 Spoon
572 295 610 326 Grape
725 191 782 247 Grape
836 192 872 236 Grape
437 277 460 313 Rocket
517 345 568 398 Rocket
298 290 374 359 Rocket
287 362 332 400 Rocket
351 478 391 501 Rocket
361 444 413 481 Rocket
311 389 414 444 Rocket
459 416 494 444 Rocket
459 434 508 488 Rocket
563 409 642 504 Rocket
