25
107 97 295 273 Glass
360 523 399 558 Yellow Pasta
417 490 459 565 Yellow Pasta
344 422 408 457 Yellow Pasta
481 373 575 581 Yellow Pasta
271 308 362 499 Yellow Pasta
473 323 596 361 Apple
751 171 812 287 Apple
361 243 453 618 Fork
427 163 509 542 Knife
317 245 387 546 Spoon
552 308 589 342 Grape
700 199 756 256 Grape
807 198 844 249 Grape
534 525 563 591 Rocket
529 427 617 508 Rocket
496 359 546 407 Rocket
442 428 478 455 Rocket
445 450 488 494 Rocket
344 491 369 512 Rocket
350 457 400 489 Rocket
298 405 398 457 Rocket
271 381 306 410 Rocket
289 311 365 383 Rocket
418 293 446 329 Rocket
