25
116 422 320 612 Glass
474 508 552 563 Yellow Pasta
555 440 701 650 Yellow Pasta
441 493 468 536 Yellow Pasta
417 277 564 446 Yellow Pasta
231 293 363 320 Apple
225 206 346 279 Apple
464 254 652 622 Fork
554 222 755 577 Knife
449 237 621 522 Spoon
216 243 281 301 Grape
270 173 315 215 Grape
318 262 360 295 Grape
566 611 617 670 Rocket
639 517 717 627 Rocket
653 435 705 490 Rocket
700 497 740 530 Rocket
547 490 604 522 Rocket
568 457 606 491 Rocket
472 428 511 482 Rocket
447 455 475 482 Rocket
445 371 544 422 Rocket
622 328 651 361 Rocket
445 317 481 343 Rocket
486 265 544 347 Rocket
