22
213 585 380 756 Glass
682 377 789 459 Yellow Pasta
517 403 625 601 Yellow Pasta
281 250 320 357 Apple
310 278 393 371 Apple
224 414 431 732 Fork
621 446 913 609 Knife
300 204 581 271 Spoon
386 275 425 335 Grape
351 255 388 291 Grape
302 246 338 280 Grape
718 576 747 597 Rocket
673 521 724 569 Rocket
639 544 668 573 Rocket
652 447 702 482 Rocket
631 368 691 437 Rocket
597 463 620 502 Rocket
534 470 562 497 Rocket
563 456 626 552 Rocket
548 569 609 625 Rocket
609 555 630 575 Rocket
545 544 572 564 Rocket
