21
708 28 886 211 Glass
450 409 520 438 Yellow Pasta
473 375 539 408 Yellow Pasta
507 311 625 370 Yellow Pasta
471 442 579 558 Yellow Pasta
569 464 701 557 Yellow Pasta
633 531 672 603 Yellow Pasta
256 404 336 504 Apple
297 212 404 274 Apple
867 159 946 511 Fork
549 412 927 535 Knife
242 390 419 636 Spoon
369 269 407 302 Grape
368 174 411 236 Grape
330 182 370 215 Grape
653 304 703 365 Rocket
506 272 594 409 Rocket
497 508 527 551 Rocket
496 444 535 477 Rocket
587 464 628 485 Rocket
689 430 758 495 Rocket
