22
148 91 341 267 Glass
515 372 592 579 Yellow Pasta
459 478 493 561 Yellow Pasta
313 310 446 495 Yellow Pasta
512 322 632 359 Apple
790 174 850 289 Apple
399 247 485 611 Fork
467 164 542 532 Knife
361 242 429 540 Spoon
586 308 630 340 Grape
737 203 796 261 Grape
847 201 884 249 Grape
456 293 482 329 Rocket
532 359 587 409 Rocket
567 420 654 503 Rocket
476 425 512 448 Rocket
480 448 526 493 Rocket
569 526 603 587 Rocket
376 485 414 506 Rocket
382 452 436 488 Rocket
338 402 437 451 Rocket
313 306 387 407 Rocket
