23
689 6 867 210 Glass
490 454 627 591 Yellow Pasta
561 366 649 481 Yellow Pasta
432 292 571 445 Yellow Pasta
254 273 380 303 Apple
252 195 365 262 Apple
853 146 933 522 Fork
640 281 908 614 Knife
415 291 643 530 Spoon
294 164 338 200 Grape
242 229 303 281 Grape
338 246 378 280 Grape
653 433 749 502 Rocket
621 441 657 502 Rocket
558 401 600 480 Rocket
631 282 702 324 Rocket
633 328 664 355 Rocket
452 431 477 456 Rocket
481 407 517 456 Rocket
453 358 555 404 Rocket
467 300 503 321 Rocket
501 257 564 309 Rocket
500 313 558 332 Rocket
