24
112 84 309 270 Glass
504 467 600 596 Yellow Pasta
517 382 569 466 Yellow Pasta
549 369 600 398 Yellow Pasta
597 495 648 543 Yellow Pasta
301 387 365 570 Yellow Pasta
721 210 791 322 Apple
775 178 840 298 Apple
334 299 520 662 Fork
379 201 529 507 Knife
299 308 436 606 Spoon
774 278 808 315 Grape
835 205 873 248 Grape
735 194 791 248 Grape
579 443 652 610 Rocket
579 390 616 411 Rocket
504 381 571 414 Rocket
406 337 437 370 Rocket
278 385 337 497 Rocket
321 465 417 532 Rocket
375 521 433 552 Rocket
375 556 413 579 Rocket
480 478 526 535 Rocket
467 463 497 494 Rocket
