22
675 31 846 228 Glass
489 476 622 615 Yellow Pasta
601 389 664 488 Yellow Pasta
433 314 555 416 Yellow Pasta
546 435 598 465 Yellow Pasta
468 423 538 468 Yellow Pasta
246 304 370 332 Apple
243 226 357 294 Apple
842 170 932 535 Fork
632 304 907 628 Knife
410 320 627 557 Spoon
238 261 295 312 Grape
285 196 330 232 Grape
333 278 370 306 Grape
623 451 745 524 Rocket
448 460 473 482 Rocket
475 431 515 481 Rocket
556 426 592 505 Rocket
630 354 654 379 Rocket
627 305 687 343 Rocket
466 286 556 356 Rocket
450 382 549 424 Rocket
