21
688 5 883 183 Glass
408 393 513 474 Yellow Pasta
459 322 540 356 Yellow Pasta
529 281 620 427 Yellow Pasta
540 415 633 464 Yellow Pasta
480 484 558 566 Yellow Pasta
557 465 649 659 Yellow Pasta
254 246 390 293 Apple
290 185 413 259 Apple
862 109 951 497 Fork
566 283 940 503 Knife
229 18 502 229 Spoon
373 233 407 269 Grape
326 144 392 186 Grape
263 176 313 214 Grape
436 484 458 519 Rocket
478 422 539 530 Rocket
583 469 732 546 Rocket
607 354 684 419 Rocket
520 376 583 403 Rocket
459 278 549 455 Rocket
