27
98 417 315 611 Glass
694 444 739 517 Yellow Pasta
546 438 694 636 Yellow Pasta
467 504 537 565 Yellow Pasta
404 273 547 434 Yellow Pasta
214 284 352 311 Apple
210 197 332 268 Apple
454 243 645 619 Fork
545 211 746 570 Knife
437 226 612 515 Spoon
305 253 348 287 Grape
255 164 302 205 Grape
202 235 265 288 Grape
610 320 643 354 Rocket
645 430 701 478 Rocket
696 490 737 518 Rocket
557 607 613 662 Rocket
634 513 712 618 Rocket
533 488 600 518 Rocket
555 455 602 481 Rocket
432 446 461 475 Rocket
458 419 498 473 Rocket
433 369 482 396 Rocket
483 381 542 415 Rocket
436 314 471 333 Rocket
475 310 522 336 Rocket
464 256 529 311 Rocket
