23
679 7 871 221 Glass
650 279 811 369 Yellow Pasta
531 305 599 432 Yellow Pasta
459 400 604 533 Yellow Pasta
590 473 643 506 Yellow Pasta
287 229 404 289 Apple
321 195 440 253 Apple
834 150 957 519 Fork
589 357 960 549 Knife
271 68 560 221 Spoon
300 173 336 217 Grape
371 155 433 196 Grape
393 243 428 283 Grape
712 506 743 530 Rocket
655 444 713 499 Rocket
612 474 641 502 Rocket
634 361 693 397 Rocket
605 269 675 349 Rocket
559 383 590 425 Rocket
493 390 522 420 Rocket
521 372 599 441 Rocket
569 424 596 479 Rocket
500 494 566 563 Rocket
