21
700 32 877 227 Glass
444 424 516 462 Yellow Pasta
465 391 532 427 Yellow Pasta
503 330 572 357 Yellow Pasta
549 324 617 386 Yellow Pasta
468 461 700 625 Yellow Pasta
259 442 352 547 Apple
277 235 391 292 Apple
859 169 942 522 Fork
545 432 928 550 Knife
219 414 417 666 Spoon
242 438 296 496 Grape
314 193 354 232 Grape
356 284 398 314 Grape
642 319 699 376 Rocket
520 282 577 335 Rocket
500 331 585 423 Rocket
488 464 526 494 Rocket
495 537 523 572 Rocket
579 469 633 500 Rocket
685 446 756 517 Rocket
