23
94 71 298 266 Glass
316 395 461 591 Yellow Pasta
548 344 696 573 Yellow Pasta
525 517 566 590 Yellow Pasta
717 194 792 308 Apple
775 164 839 278 Apple
351 299 596 646 Fork
379 201 610 544 Knife
319 316 499 604 Spoon
777 256 810 302 Grape
833 185 873 230 Grape
735 178 792 235 Grape
608 349 641 383 Rocket
534 354 589 400 Rocket
423 334 462 366 Rocket
306 403 372 518 Rocket
373 460 457 547 Rocket
426 523 486 550 Rocket
436 557 464 585 Rocket
600 403 701 476 Rocket
649 506 692 575 Rocket
509 448 547 484 Rocket
534 460 575 522 Rocket
