21
114 417 322 603 Glass
496 471 566 533 Yellow Pasta
441 510 465 529 Yellow Pasta
428 378 549 451 Yellow Pasta
428 299 590 375 Yellow Pasta
546 365 662 611 Yellow Pasta
227 282 363 309 Apple
224 191 342 266 Apple
352 342 654 661 Fork
640 285 923 628 Knife
407 294 646 550 Spoon
215 230 276 290 Grape
268 158 312 202 Grape
318 251 361 281 Grape
629 443 755 517 Rocket
442 444 475 476 Rocket
473 414 513 471 Rocket
442 365 547 406 Rocket
636 284 697 326 Rocket
637 333 670 358 Rocket
455 258 561 339 Rocket
