25
673 37 837 229 Glass
408 425 486 457 Yellow Pasta
425 388 491 420 Yellow Pasta
461 324 535 352 Yellow Pasta
516 325 577 382 Yellow Pasta
416 458 535 578 Yellow Pasta
531 444 659 618 Yellow Pasta
274 271 395 312 Apple
308 219 418 282 Apple
825 168 912 523 Fork
504 427 886 549 Knife
253 74 505 252 Spoon
378 257 413 293 Grape
340 179 402 221 Grape
284 207 330 246 Grape
610 345 661 376 Rocket
608 314 653 346 Rocket
484 282 543 331 Rocket
463 328 545 419 Rocket
444 462 487 488 Rocket
455 525 475 568 Rocket
548 425 576 442 Rocket
545 477 577 503 Rocket
590 486 632 514 Rocket
646 430 710 514 Rocket
