25
777 475 1004 632 Glass
540 370 619 583 Yellow Pasta
475 487 521 577 Yellow Pasta
387 414 458 442 Yellow Pasta
310 290 407 499 Yellow Pasta
539 310 658 353 Apple
785 181 843 290 Apple
417 224 518 623 Fork
489 137 560 535 Knife
368 217 446 548 Spoon
607 301 649 332 Grape
743 204 800 260 Grape
836 210 866 254 Grape
472 272 497 315 Rocket
556 355 606 403 Rocket
497 420 531 452 Rocket
598 525 625 586 Rocket
589 419 680 499 Rocket
500 437 552 492 Rocket
393 487 421 512 Rocket
397 450 456 487 Rocket
333 290 376 358 Rocket
322 329 389 404 Rocket
348 405 393 449 Rocket
400 397 453 428 Rocket
