23
177 487 363 652 Glass
688 262 836 345 Yellow Pasta
586 282 634 398 Yellow Pasta
515 370 644 511 Yellow Pasta
266 157 312 269 Apple
295 185 383 276 Apple
219 325 438 634 Fork
627 337 989 509 Knife
287 107 551 179 Spoon
290 155 324 183 Grape
333 159 373 193 Grape
370 175 411 233 Grape
748 475 782 498 Rocket
696 416 750 467 Rocket
658 446 682 474 Rocket
672 343 729 373 Rocket
644 253 707 327 Rocket
539 368 566 397 Rocket
550 473 607 531 Rocket
589 457 632 486 Rocket
566 348 629 412 Rocket
604 402 639 452 Rocket
549 447 576 465 Rocket
