1 0.7242063492063492 0.3915343915343915 0.35912698412698413 0.16137566137566137
0 0.26587301587301587 0.42063492063492064 0.2787698412698413 0.4193121693121693
3 0.21825396825396826 0.7605820105820106 0.20932539682539683 0.2619047619047619
8 0.5059523809523809 0.27380952380952384 0.054563492063492064 0.07407407407407407
8 0.4642857142857143 0.2976190476190476 0.060515873015873016 0.07936507936507936
8 0.35714285714285715 0.4365079365079365 0.061507936507936505 0.06349206349206349
8 0.5555555555555556 0.4656084656084656 0.041666666666666664 0.06084656084656084
7 0.4880952380952381 0.42328042328042326 0.05257936507936508 0.08465608465608465
7 0.46825396825396826 0.5317460317460317 0.057539682539682536 0.062169312169312166
7 0.5178571428571429 0.5277777777777778 0.04563492063492063 0.06613756613756613
7 0.33035714285714285 0.3915343915343915 0.051587301587301584 0.06481481481481481
6 0.37896825396825395 0.35978835978835977 0.037698412698412696 0.09126984126984126
6 0.43353174603174605 0.43783068783068785 0.05357142857142857 0.12433862433862433
6 0.4751984126984127 0.35978835978835977 0.06944444444444445 0.041005291005291