1 0.7103174603174603 0.5714285714285714 0.28273809523809523 0.27645502645502645
0 0.2400793650793651 0.5714285714285714 0.2857142857142857 0.5211640211640212
3 0.8194444444444444 0.2328042328042328 0.20337301587301587 0.24867724867724866
8 0.5198412698412699 0.6335978835978836 0.04563492063492063 0.06878306878306878
8 0.5099206349206349 0.4470899470899471 0.044642857142857144 0.0701058201058201
8 0.43452380952380953 0.5714285714285714 0.050595238095238096 0.0701058201058201
8 0.4583333333333333 0.3664021164021164 0.04662698412698413 0.06349206349206349
7 0.4871031746031746 0.5912698412698413 0.05357142857142857 0.07671957671957672
7 0.4444444444444444 0.6428571428571429 0.06547619047619048 0.051587301587301584
7 0.5962301587301587 0.4021164021164021 0.047619047619047616 0.06746031746031746
7 0.3968253968253968 0.3783068783068783 0.05555555555555555 0.06746031746031746
7 0.44841269841269843 0.4973544973544973 0.05357142857142857 0.07407407407407407
6 0.4226190476190476 0.3002645502645503 0.1378968253968254 0.07936507936507936
6 0.38095238095238093 0.4947089947089947 0.07043650793650794 0.05952380952380952
6 0.39880952380952384 0.43783068783068785 0.04265873015873016 0.05291005291005291