1 0.6984126984126984 0.4312169312169312 0.35119047619047616 0.10449735449735449
0 0.2569444444444444 0.4880952380952381 0.3353174603174603 0.3439153439153439
3 0.22916666666666666 0.8412698412698413 0.20436507936507936 0.2447089947089947
8 0.36904761904761907 0.6137566137566137 0.050595238095238096 0.06481481481481481
8 0.5843253968253969 0.544973544973545 0.0496031746031746 0.062169312169312166
8 0.4146825396825397 0.41534391534391535 0.047619047619047616 0.051587301587301584
7 0.5277777777777778 0.5343915343915344 0.04662698412698413 0.07539682539682539
7 0.4732142857142857 0.6494708994708994 0.04563492063492063 0.05291005291005291
7 0.5069444444444444 0.671957671957672 0.037698412698412696 0.03306878306878307
7 0.4751984126984127 0.5701058201058201 0.04563492063492063 0.07142857142857142
6 0.46825396825396826 0.48148148148148145 0.08432539682539683 0.11772486772486772
6 0.39087301587301587 0.5158730158730159 0.060515873015873016 0.10714285714285714