1 0.7232142857142857 0.6322751322751323 0.35119047619047616 0.23148148148148148
0 0.42063492063492064 0.7222222222222222 0.34325396825396826 0.3425925925925926
3 0.8432539682539683 0.1865079365079365 0.20436507936507936 0.25925925925925924
8 0.5615079365079365 0.34656084656084657 0.04662698412698413 0.07539682539682539
8 0.5734126984126984 0.46164021164021163 0.050595238095238096 0.07142857142857142
8 0.5059523809523809 0.5740740740740741 0.04861111111111111 0.05952380952380952
8 0.44742063492063494 0.6349206349206349 0.0496031746031746 0.07275132275132275
7 0.4722222222222222 0.40343915343915343 0.05952380952380952 0.07142857142857142
7 0.3948412698412698 0.4060846560846561 0.05853174603174603 0.06084656084656084
7 0.6051587301587301 0.3968253968253968 0.04265873015873016 0.06084656084656084
7 0.5218253968253969 0.41534391534391535 0.04861111111111111 0.08068783068783068
7 0.48214285714285715 0.7116402116402116 0.03373015873015873 0.05291005291005291
6 0.49404761904761907 0.45634920634920634 0.05853174603174603 0.03439153439153439
6 0.42658730158730157 0.5423280423280423 0.041666666666666664 0.04365079365079365
6 0.40674603174603174 0.455026455026455 0.06349206349206349 0.046296296296296294