1 0.6924603174603174 0.671957671957672 0.310515873015873 0.18915343915343916
0 0.41865079365079366 0.7407407407407407 0.29662698412698413 0.3029100529100529
3 0.8373015873015873 0.26587301587301587 0.21626984126984128 0.26455026455026454
8 0.5456349206349206 0.4021164021164021 0.04861111111111111 0.06746031746031746
8 0.5555555555555556 0.5158730158730159 0.0496031746031746 0.0701058201058201
8 0.49007936507936506 0.6216931216931217 0.04662698412698413 0.05952380952380952
8 0.43452380952380953 0.6785714285714286 0.050595238095238096 0.0582010582010582
7 0.38392857142857145 0.4603174603174603 0.06944444444444445 0.07936507936507936
7 0.45634920634920634 0.4576719576719577 0.05654761904761905 0.07407407407407407
7 0.503968253968254 0.46296296296296297 0.04265873015873016 0.08597883597883597
7 0.5863095238095238 0.4470899470899471 0.04365079365079365 0.06613756613756613
6 0.40674603174603174 0.6150793650793651 0.03373015873015873 0.0873015873015873
6 0.33630952380952384 0.4126984126984127 0.04563492063492063 0.14153439153439154
6 0.46726190476190477 0.5343915343915344 0.09523809523809523 0.04894179894179894