1 0.6329365079365079 0.3386243386243386 0.4027777777777778 0.08333333333333333
0 0.1984126984126984 0.4351851851851852 0.2896825396825397 0.3253968253968254
3 0.1626984126984127 0.7619047619047619 0.22321428571428573 0.2261904761904762
8 0.503968253968254 0.4708994708994709 0.04861111111111111 0.06481481481481481
8 0.2996031746031746 0.5515873015873016 0.04662698412698413 0.06084656084656084
8 0.3353174603174603 0.3558201058201058 0.04861111111111111 0.04497354497354497
7 0.3968253968253968 0.49603174603174605 0.05654761904761905 0.06613756613756613
7 0.3948412698412698 0.5846560846560847 0.0496031746031746 0.06084656084656084
7 0.43154761904761907 0.5978835978835979 0.03373015873015873 0.056878306878306875
7 0.44841269841269843 0.4669312169312169 0.04861111111111111 0.07936507936507936
6 0.3888888888888889 0.40476190476190477 0.09027777777777778 0.11375661375661375
6 0.3115079365079365 0.43915343915343913 0.050595238095238096 0.08862433862433862