1 0.7103174603174603 0.6428571428571429 0.34226190476190477 0.26851851851851855
0 0.24603174603174602 0.5238095238095238 0.28273809523809523 0.4351851851851852
3 0.20833333333333334 0.8029100529100529 0.21626984126984128 0.24338624338624337
8 0.41865079365079366 0.6534391534391535 0.05257936507936508 0.07142857142857142
8 0.5476190476190477 0.4351851851851852 0.044642857142857144 0.06613756613756613
8 0.5496031746031746 0.35978835978835977 0.04861111111111111 0.07275132275132275
8 0.4037698412698413 0.35714285714285715 0.047619047619047616 0.06084656084656084
7 0.44047619047619047 0.3201058201058201 0.05952380952380952 0.06349206349206349
7 0.36706349206349204 0.48412698412698413 0.04265873015873016 0.06481481481481481
7 0.501984126984127 0.5502645502645502 0.051587301587301584 0.06349206349206349
7 0.5863095238095238 0.40476190476190477 0.03968253968253968 0.06481481481481481
7 0.3611111111111111 0.5873015873015873 0.04861111111111111 0.06746031746031746
6 0.43253968253968256 0.43253968253968256 0.12698412698412698 0.08994708994708994
6 0.4742063492063492 0.37037037037037035 0.09821428571428571 0.041005291005291