1 0.7251984126984127 0.4021164021164021 0.375 0.17328042328042328
0 0.23015873015873015 0.42328042328042326 0.30456349206349204 0.46825396825396826
3 0.18948412698412698 0.8121693121693122 0.2400793650793651 0.26851851851851855
8 0.49603174603174605 0.26851851851851855 0.05654761904761905 0.07936507936507936
8 0.4523809523809524 0.30158730158730157 0.060515873015873016 0.06613756613756613
8 0.5496031746031746 0.48412698412698413 0.0496031746031746 0.0701058201058201
8 0.3392857142857143 0.4523809523809524 0.05952380952380952 0.07804232804232804
7 0.47619047619047616 0.4365079365079365 0.05952380952380952 0.08333333333333333
7 0.4583333333333333 0.5476190476190477 0.0625 0.06481481481481481
7 0.5119047619047619 0.5502645502645502 0.04563492063492063 0.06746031746031746
7 0.3055555555555556 0.3955026455026455 0.06448412698412699 0.06084656084656084
6 0.35714285714285715 0.35978835978835977 0.03670634920634921 0.09126984126984126
6 0.4156746031746032 0.4417989417989418 0.05952380952380952 0.1455026455026455
6 0.4742063492063492 0.36772486772486773 0.06646825396825397 0.062169312169312166