1 0.7202380952380952 0.6375661375661376 0.35813492063492064 0.22883597883597884
0 0.42063492063492064 0.7195767195767195 0.3353174603174603 0.3201058201058201
3 0.8402777777777778 0.2037037037037037 0.20436507936507936 0.27380952380952384
8 0.5555555555555556 0.35978835978835977 0.044642857142857144 0.06746031746031746
8 0.5674603174603174 0.4708994708994709 0.04662698412698413 0.07275132275132275
8 0.498015873015873 0.578042328042328 0.047619047619047616 0.05555555555555555
8 0.439484126984127 0.6349206349206349 0.061507936507936505 0.082010582010582
7 0.4652777777777778 0.4126984126984127 0.05952380952380952 0.07671957671957672
7 0.38392857142857145 0.4126984126984127 0.05357142857142857 0.06349206349206349
7 0.36706349206349204 0.5925925925925926 0.04265873015873016 0.07539682539682539
7 0.5178571428571429 0.42724867724867727 0.04265873015873016 0.09788359788359788
7 0.5238095238095238 0.5317460317460317 0.04563492063492063 0.056878306878306875
7 0.5992063492063492 0.40476190476190477 0.04265873015873016 0.06349206349206349
6 0.4662698412698413 0.5079365079365079 0.04265873015873016 0.07275132275132275
6 0.4117063492063492 0.5555555555555556 0.023809523809523808 0.06746031746031746
6 0.4166666666666667 0.46296296296296297 0.030753968253968252 0.051587301587301584