1 0.6726190476190477 0.6812169312169312 0.40476190476190477 0.23809523809523808
0 0.373015873015873 0.75 0.314484126984127 0.3148148148148148
3 0.7509920634920635 0.1931216931216931 0.1765873015873016 0.25925925925925924
8 0.4880952380952381 0.3968253968253968 0.04662698412698413 0.07539682539682539
8 0.4990079365079365 0.5013227513227513 0.057539682539682536 0.082010582010582
8 0.43452380952380953 0.6137566137566137 0.050595238095238096 0.06084656084656084
8 0.3819444444444444 0.6772486772486772 0.0496031746031746 0.06613756613756613
7 0.3968253968253968 0.4523809523809524 0.05952380952380952 0.062169312169312166
7 0.5297619047619048 0.4351851851851852 0.04265873015873016 0.0582010582010582
7 0.4146825396825397 0.7513227513227513 0.05257936507936508 0.06746031746031746
7 0.4603174603174603 0.5687830687830688 0.03968253968253968 0.051587301587301584
7 0.44742063492063494 0.4748677248677249 0.041666666666666664 0.07936507936507936
6 0.2996031746031746 0.4497354497354497 0.04265873015873016 0.11772486772486772
6 0.36706349206349204 0.5158730158730159 0.06646825396825397 0.056878306878306875