2 0.5773809523809523 0.5 0.23412698412698413 0.3029100529100529
0 0.24503968253968253 0.6111111111111112 0.2361111111111111 0.46825396825396826
1 0.7123015873015873 0.455026455026455 0.25595238095238093 0.38227513227513227
3 0.7757936507936508 0.2275132275132275 0.18055555555555555 0.26851851851851855
10 0.5228174603174603 0.36507936507936506 0.047619047619047616 0.05026455026455026
10 0.3621031746031746 0.3915343915343915 0.04563492063492063 0.05952380952380952
10 0.38293650793650796 0.6997354497354498 0.05952380952380952 0.08465608465608465
10 0.4117063492063492 0.5079365079365079 0.061507936507936505 0.05952380952380952
10 0.42162698412698413 0.5542328042328042 0.047619047619047616 0.07142857142857142
10 0.42063492063492064 0.5132275132275133 0.0744047619047619 0.06084656084656084
9 0.3601190476190476 0.4523809523809524 0.05555555555555555 0.1111111111111111
9 0.3343253968253968 0.36507936507936506 0.041666666666666664 0.05423280423280423
9 0.3253968253968254 0.6798941798941799 0.07341269841269842 0.11507936507936507
9 0.4365079365079365 0.455026455026455 0.13293650793650794 0.04497354497354497
9 0.45535714285714285 0.548941798941799 0.08928571428571429 0.15873015873015872
9 0.36607142857142855 0.6349206349206349 0.09126984126984126 0.08862433862433862