2 0.6527777777777778 0.5264550264550265 0.2906746031746032 0.2526455026455027
0 0.2767857142857143 0.5846560846560847 0.40476190476190477 0.22883597883597884
1 0.746031746031746 0.45634920634920634 0.2638888888888889 0.4126984126984127
3 0.19642857142857142 0.3148148148148148 0.2123015873015873 0.25
10 0.6130952380952381 0.42592592592592593 0.057539682539682536 0.07275132275132275
10 0.49007936507936506 0.5714285714285714 0.06547619047619048 0.09126984126984126
10 0.5 0.5846560846560847 0.05257936507936508 0.07671957671957672
10 0.4176587301587302 0.7037037037037037 0.051587301587301584 0.07275132275132275
10 0.49603174603174605 0.746031746031746 0.054563492063492064 0.056878306878306875
10 0.44246031746031744 0.6878306878306878 0.06547619047619048 0.08068783068783068
10 0.4771825396825397 0.6746031746031746 0.08928571428571429 0.06878306878306878
9 0.5476190476190477 0.6150793650793651 0.06746031746031746 0.1746031746031746
9 0.503968253968254 0.7645502645502645 0.08630952380952381 0.14947089947089948
9 0.44742063492063494 0.7513227513227513 0.12301587301587301 0.08333333333333333
9 0.376984126984127 0.7037037037037037 0.07837301587301587 0.16534391534391535