2 0.5972222222222222 0.47354497354497355 0.30654761904761907 0.16005291005291006
0 0.32043650793650796 0.593915343915344 0.33134920634920634 0.1693121693121693
1 0.5932539682539683 0.7433862433862434 0.05357142857142857 0.5105820105820106
3 0.23412698412698413 0.3994708994708995 0.19444444444444445 0.21031746031746032
10 0.4166666666666667 0.49206349206349204 0.060515873015873016 0.062169312169312166
10 0.5595238095238095 0.582010582010582 0.04662698412698413 0.07671957671957672
10 0.48908730158730157 0.6402116402116402 0.031746031746031744 0.051587301587301584
10 0.45634920634920634 0.582010582010582 0.04662698412698413 0.06084656084656084
10 0.4652777777777778 0.6402116402116402 0.051587301587301584 0.06746031746031746
9 0.3968253968253968 0.6375661375661376 0.07242063492063493 0.09788359788359788
9 0.5525793650793651 0.6613756613756614 0.05357142857142857 0.09656084656084656
9 0.4742063492063492 0.5171957671957672 0.06944444444444445 0.08465608465608465
9 0.5099206349206349 0.582010582010582 0.10218253968253968 0.09126984126984126
9 0.5099206349206349 0.6402116402116402 0.047619047619047616 0.06084656084656084