2 0.5952380952380952 0.45634920634920634 0.2509920634920635 0.1931216931216931
0 0.2638888888888889 0.5793650793650794 0.375 0.2777777777777778
1 0.7073412698412699 0.458994708994709 0.21031746031746032 0.3544973544973545
3 0.7549603174603174 0.6349206349206349 0.19444444444444445 0.1865079365079365
10 0.5515873015873016 0.38095238095238093 0.054563492063492064 0.06878306878306878
10 0.45436507936507936 0.5211640211640212 0.05654761904761905 0.07142857142857142
10 0.47023809523809523 0.5343915343915344 0.054563492063492064 0.06746031746031746
10 0.48214285714285715 0.6772486772486772 0.04662698412698413 0.06746031746031746
10 0.4117063492063492 0.6613756613756614 0.04563492063492063 0.08068783068783068
10 0.4861111111111111 0.6124338624338624 0.04365079365079365 0.06349206349206349
10 0.44246031746031744 0.6349206349206349 0.040674603174603176 0.09523809523809523
10 0.47023809523809523 0.6137566137566137 0.07341269841269842 0.062169312169312166
9 0.37103174603174605 0.6640211640211641 0.08630952380952381 0.17328042328042328
9 0.5089285714285714 0.544973544973545 0.051587301587301584 0.1335978835978836
9 0.44146825396825395 0.6904761904761905 0.10515873015873016 0.11243386243386243
9 0.49603174603174605 0.6970899470899471 0.06944444444444445 0.15079365079365079