2 0.5902777777777778 0.4695767195767196 0.2400793650793651 0.31746031746031744
0 0.251984126984127 0.5740740740740741 0.25892857142857145 0.48148148148148145
1 0.7311507936507936 0.4312169312169312 0.2619047619047619 0.40343915343915343
3 0.7956349206349206 0.20502645502645503 0.19146825396825398 0.2804232804232804
10 0.5297619047619048 0.3333333333333333 0.0625 0.06613756613756613
10 0.37003968253968256 0.35714285714285715 0.047619047619047616 0.062169312169312166
10 0.3819444444444444 0.6666666666666666 0.05357142857142857 0.09126984126984126
10 0.42658730158730157 0.48412698412698413 0.07242063492063493 0.07936507936507936
10 0.435515873015873 0.5052910052910053 0.05555555555555555 0.11772486772486772
9 0.3472222222222222 0.335978835978836 0.03968253968253968 0.0582010582010582
9 0.3680555555555556 0.42592592592592593 0.04563492063492063 0.10978835978835978
9 0.44642857142857145 0.41798941798941797 0.12301587301587301 0.06084656084656084
9 0.47023809523809523 0.5238095238095238 0.09424603174603174 0.16137566137566137
9 0.33035714285714285 0.6481481481481481 0.07341269841269842 0.14417989417989419
9 0.36507936507936506 0.5992063492063492 0.11805555555555555 0.07142857142857142