2 0.6607142857142857 0.43915343915343913 0.30257936507936506 0.21957671957671956
0 0.35714285714285715 0.5542328042328042 0.38591269841269843 0.16666666666666666
1 0.6636904761904762 0.6825396825396826 0.051587301587301584 0.5304232804232805
3 0.25793650793650796 0.33465608465608465 0.22718253968253968 0.23809523809523808
10 0.46924603174603174 0.4365079365079365 0.06746031746031746 0.06481481481481481
10 0.6369047619047619 0.5396825396825397 0.03869047619047619 0.06878306878306878
10 0.5138888888888888 0.5502645502645502 0.04662698412698413 0.051587301587301584
10 0.5436507936507936 0.5978835978835979 0.07738095238095238 0.06613756613756613
9 0.45436507936507936 0.5965608465608465 0.0763888888888889 0.10317460317460317
9 0.5357142857142857 0.47354497354497355 0.07837301587301587 0.10449735449735449
9 0.5753968253968254 0.5343915343915344 0.10714285714285714 0.07407407407407407
9 0.621031746031746 0.6190476190476191 0.06448412698412699 0.10185185185185185