2 0.8174603174603174 0.6587301587301587 0.0882936507936508 0.4193121693121693
0 0.18055555555555555 0.6137566137566137 0.08035714285714286 0.5132275132275133
1 0.746031746031746 0.6441798941798942 0.08928571428571429 0.5211640211640212
3 0.7996031746031746 0.20105820105820105 0.21924603174603174 0.2698412698412698
10 0.5694444444444444 0.578042328042328 0.05257936507936508 0.09788359788359788
10 0.4632936507936508 0.7116402116402116 0.047619047619047616 0.07936507936507936
10 0.5178571428571429 0.6322751322751323 0.09821428571428571 0.062169312169312166
10 0.5357142857142857 0.5793650793650794 0.0744047619047619 0.08333333333333333
9 0.49603174603174605 0.48148148148148145 0.10515873015873016 0.05952380952380952
9 0.44642857142857145 0.6507936507936508 0.060515873015873016 0.23015873015873015
9 0.5376984126984127 0.7208994708994709 0.13293650793650794 0.1164021164021164