2 0.6051587301587301 0.38095238095238093 0.2867063492063492 0.1917989417989418
0 0.25992063492063494 0.5052910052910053 0.3740079365079365 0.27645502645502645
1 0.753968253968254 0.3888888888888889 0.25297619047619047 0.38756613756613756
3 0.7757936507936508 0.5542328042328042 0.20833333333333334 0.23809523809523808
10 0.5575396825396826 0.30423280423280424 0.05257936507936508 0.07275132275132275
10 0.4742063492063492 0.6164021164021164 0.05257936507936508 0.06481481481481481
10 0.40476190476190477 0.6005291005291006 0.05257936507936508 0.08465608465608465
10 0.4513888888888889 0.4523809523809524 0.047619047619047616 0.07539682539682539
10 0.4662698412698413 0.4708994708994709 0.04861111111111111 0.07936507936507936
10 0.4384920634920635 0.5767195767195767 0.06746031746031746 0.06481481481481481
10 0.46130952380952384 0.5542328042328042 0.07738095238095238 0.08994708994708994
9 0.5138888888888888 0.48148148148148145 0.05853174603174603 0.167989417989418
9 0.36706349206349204 0.5912698412698413 0.09027777777777778 0.1746031746031746
9 0.49007936507936506 0.6375661375661376 0.07142857142857142 0.17328042328042328
9 0.4444444444444444 0.6216931216931217 0.09424603174603174 0.10185185185185185