2 0.7301587301587301 0.30423280423280424 0.2698412698412698 0.10978835978835978
0 0.25992063492063494 0.6375661375661376 0.32043650793650796 0.3955026455026455
1 0.7738095238095238 0.42592592592592593 0.2569444444444444 0.42724867724867727
3 0.2222222222222222 0.2698412698412698 0.21329365079365079 0.2619047619047619
10 0.6428571428571429 0.3915343915343915 0.05952380952380952 0.07539682539682539
10 0.4375 0.41798941798941797 0.06944444444444445 0.08068783068783068
10 0.5218253968253969 0.5105820105820106 0.05952380952380952 0.11243386243386243
10 0.49206349206349204 0.6349206349206349 0.05257936507936508 0.07142857142857142
10 0.44642857142857145 0.5833333333333334 0.0744047619047619 0.08994708994708994
9 0.501984126984127 0.42063492063492064 0.10119047619047619 0.056878306878306875
9 0.3968253968253968 0.6243386243386243 0.03968253968253968 0.15211640211640212
9 0.5505952380952381 0.5555555555555556 0.09722222222222222 0.09126984126984126
9 0.5277777777777778 0.7182539682539683 0.060515873015873016 0.17724867724867724
9 0.46130952380952384 0.626984126984127 0.07738095238095238 0.12962962962962962
9 0.5466269841269841 0.5978835978835979 0.06349206349206349 0.046296296296296294