2 0.564484126984127 0.4973544973544973 0.20436507936507936 0.2843915343915344
0 0.29662698412698413 0.5793650793650794 0.19047619047619047 0.38492063492063494
1 0.7123015873015873 0.44841269841269843 0.25396825396825395 0.3835978835978836
3 0.7301587301587301 0.2222222222222222 0.1765873015873016 0.25793650793650796
10 0.5158730158730159 0.36772486772486773 0.04861111111111111 0.056878306878306875
10 0.39384920634920634 0.6587301587301587 0.041666666666666664 0.08333333333333333
10 0.3869047619047619 0.3968253968253968 0.028769841269841268 0.056878306878306875
10 0.4246031746031746 0.5026455026455027 0.044642857142857144 0.062169312169312166
10 0.42658730158730157 0.544973544973545 0.03571428571428571 0.07275132275132275
10 0.44345238095238093 0.5026455026455027 0.041666666666666664 0.062169312169312166
9 0.38492063492063494 0.4523809523809524 0.03968253968253968 0.10449735449735449
9 0.44841269841269843 0.45105820105820105 0.10615079365079365 0.05555555555555555
9 0.3531746031746032 0.6481481481481481 0.05257936507936508 0.10582010582010581
9 0.47023809523809523 0.5396825396825397 0.054563492063492064 0.1349206349206349
9 0.4126984126984127 0.6005291005291006 0.0873015873015873 0.06746031746031746