2 0.6696428571428571 0.5873015873015873 0.26785714285714285 0.23677248677248677
0 0.3194444444444444 0.6481481481481481 0.37003968253968256 0.2208994708994709
1 0.75 0.5105820105820106 0.24404761904761904 0.3955026455026455
3 0.24801587301587302 0.40343915343915343 0.20932539682539683 0.2275132275132275
10 0.628968253968254 0.49206349206349204 0.05555555555555555 0.06613756613756613
10 0.5099206349206349 0.6190476190476191 0.05654761904761905 0.07407407407407407
10 0.5257936507936508 0.6481481481481481 0.057539682539682536 0.09656084656084656
10 0.4503968253968254 0.7566137566137566 0.04861111111111111 0.08597883597883597
10 0.5178571428571429 0.7936507936507936 0.054563492063492064 0.06481481481481481
10 0.4781746031746032 0.7380952380952381 0.05853174603174603 0.07539682539682539
10 0.5109126984126984 0.7301587301587301 0.07738095238095238 0.07539682539682539
9 0.41865079365079366 0.7592592592592593 0.09424603174603174 0.17592592592592593
9 0.5634920634920635 0.6640211640211641 0.05555555555555555 0.15079365079365079
9 0.48214285714285715 0.7936507936507936 0.11408730158730158 0.07936507936507936
9 0.5357142857142857 0.8015873015873016 0.08432539682539683 0.1388888888888889