2 0.7003968253968254 0.47354497354497355 0.2986111111111111 0.25925925925925924
0 0.3134920634920635 0.5317460317460317 0.4126984126984127 0.2261904761904762
1 0.7916666666666666 0.40476190476190477 0.26686507936507936 0.4298941798941799
3 0.23412698412698413 0.25132275132275134 0.23214285714285715 0.27380952380952384
10 0.6577380952380952 0.37566137566137564 0.06547619047619048 0.07804232804232804
10 0.5257936507936508 0.5158730158730159 0.06448412698412699 0.0701058201058201
10 0.5396825396825397 0.5423280423280423 0.05257936507936508 0.07407407407407407
10 0.4583333333333333 0.6613756613756614 0.060515873015873016 0.08068783068783068
10 0.5337301587301587 0.7076719576719577 0.057539682539682536 0.06349206349206349
10 0.5198412698412699 0.6216931216931217 0.07837301587301587 0.08333333333333333
9 0.5813492063492064 0.5608465608465608 0.06646825396825397 0.167989417989418
9 0.4236111111111111 0.6005291005291006 0.11706349206349206 0.07407407407407407
9 0.4226190476190476 0.6904761904761905 0.06547619047619048 0.13227513227513227
9 0.5436507936507936 0.7142857142857143 0.09226190476190477 0.1693121693121693
9 0.49007936507936506 0.7037037037037037 0.125 0.10714285714285714