2 0.5912698412698413 0.4894179894179894 0.25992063492063494 0.18783068783068782
0 0.28174603174603174 0.6124338624338624 0.3343253968253968 0.2619047619047619
1 0.7202380952380952 0.47883597883597884 0.22718253968253968 0.36904761904761907
3 0.7410714285714286 0.6878306878306878 0.17261904761904762 0.20105820105820105
10 0.5476190476190477 0.414021164021164 0.054563492063492064 0.06084656084656084
10 0.4523809523809524 0.5542328042328042 0.03869047619047619 0.06613756613756613
10 0.4603174603174603 0.5661375661375662 0.061507936507936505 0.05952380952380952
10 0.4771825396825397 0.708994708994709 0.051587301587301584 0.05555555555555555
10 0.4107142857142857 0.6878306878306878 0.04662698412698413 0.06613756613756613
10 0.47023809523809523 0.6481481481481481 0.051587301587301584 0.06349206349206349
10 0.4375 0.6640211640211641 0.061507936507936505 0.07671957671957672
9 0.5079365079365079 0.5846560846560847 0.0625 0.13624338624338625
9 0.37103174603174605 0.6878306878306878 0.0625 0.14947089947089948
9 0.49503968253968256 0.7129629629629629 0.06349206349206349 0.12433862433862433