5 0.25793650793650796 0.20899470899470898 0.03571428571428571 0.046296296296296294
5 0.2123015873015873 0.2791005291005291 0.027777777777777776 0.03968253968253968
5 0.2400793650793651 0.27116402116402116 0.026785714285714284 0.03439153439153439
5 0.26587301587301587 0.3187830687830688 0.026785714285714284 0.04497354497354497
5 0.30456349206349204 0.31746031746031744 0.041666666666666664 0.047619047619047616
4 0.22718253968253968 0.2208994708994709 0.023809523809523808 0.05555555555555555
4 0.2916666666666667 0.26455026455026454 0.07539682539682539 0.0582010582010582
4 0.3392857142857143 0.31746031746031744 0.026785714285714284 0.042328042328042326
4 0.2400793650793651 0.30687830687830686 0.020833333333333332 0.031746031746031744
3 0.08630952380952381 0.07936507936507936 0.10119047619047619 0.1335978835978836
0 0.18154761904761904 0.12962962962962962 0.16865079365079366 0.10978835978835978
1 0.376984126984127 0.22883597883597884 0.19940476190476192 0.10317460317460317
2 0.13095238095238096 0.31613756613756616 0.1388888888888889 0.12962962962962962
18 0.20734126984126985 0.24206349206349206 0.013888888888888888 0.018518518518518517
18 0.2222222222222222 0.2275132275132275 0.01488095238095238 0.021164021164021163