5 0.25 0.30687830687830686 0.020833333333333332 0.04365079365079365
5 0.2698412698412698 0.29365079365079366 0.027777777777777776 0.042328042328042326
5 0.26587301587301587 0.3492063492063492 0.026785714285714284 0.03571428571428571
5 0.2976190476190476 0.3002645502645503 0.030753968253968252 0.05555555555555555
5 0.3353174603174603 0.2751322751322751 0.031746031746031744 0.041005291005291
4 0.22023809523809523 0.30687830687830686 0.03571428571428571 0.03835978835978836
4 0.3382936507936508 0.32275132275132273 0.03968253968253968 0.0582010582010582
3 0.39384920634920634 0.12037037037037036 0.09722222222222222 0.12433862433862433
0 0.15873015873015872 0.3915343915343915 0.1626984126984127 0.13095238095238096
1 0.375 0.25 0.18551587301587302 0.09788359788359788
2 0.18055555555555555 0.17328042328042328 0.09623015873015874 0.1349206349206349