5 0.23015873015873015 0.1970899470899471 0.03968253968253968 0.05026455026455026
5 0.22420634920634921 0.25793650793650796 0.03571428571428571 0.03968253968253968
5 0.29365079365079366 0.31746031746031744 0.04265873015873016 0.04894179894179894
5 0.2628968253968254 0.38095238095238093 0.02976190476190476 0.046296296296296294
4 0.25793650793650796 0.2804232804232804 0.027777777777777776 0.10185185185185185
4 0.2896825396825397 0.2619047619047619 0.031746031746031744 0.06349206349206349
4 0.2261904761904762 0.291005291005291 0.03670634920634921 0.021164021164021163
3 0.39880952380952384 0.08333333333333333 0.10714285714285714 0.1349206349206349
0 0.16170634920634921 0.3558201058201058 0.17261904761904762 0.10846560846560846
1 0.38492063492063494 0.2724867724867725 0.16666666666666666 0.17989417989417988
2 0.15178571428571427 0.17857142857142858 0.07738095238095238 0.1931216931216931