5 0.3353174603174603 0.2724867724867725 0.027777777777777776 0.03306878306878307
5 0.2708333333333333 0.291005291005291 0.02976190476190476 0.04365079365079365
5 0.25396825396825395 0.30687830687830686 0.023809523809523808 0.037037037037037035
5 0.2708333333333333 0.35185185185185186 0.025793650793650792 0.03439153439153439
5 0.30158730158730157 0.30158730158730157 0.031746031746031744 0.0582010582010582
4 0.2222222222222222 0.30423280423280424 0.03571428571428571 0.04365079365079365
4 0.3402777777777778 0.32142857142857145 0.041666666666666664 0.06084656084656084
4 0.2976190476190476 0.25 0.031746031746031744 0.03968253968253968
3 0.39087301587301587 0.1164021164021164 0.09424603174603174 0.12301587301587301
0 0.16071428571428573 0.3968253968253968 0.15873015873015872 0.14417989417989419
1 0.3819444444444444 0.2447089947089947 0.19246031746031747 0.09788359788359788
2 0.17956349206349206 0.17724867724867724 0.10119047619047619 0.12433862433862433
18 0.3482142857142857 0.32407407407407407 0.013888888888888888 0.013227513227513227