5 0.24404761904761904 0.21296296296296297 0.031746031746031744 0.03968253968253968
5 0.2390873015873016 0.25793650793650796 0.02976190476190476 0.03968253968253968
5 0.3134920634920635 0.2804232804232804 0.034722222222222224 0.042328042328042326
5 0.2748015873015873 0.20899470899470898 0.025793650793650792 0.021164021164021163
5 0.27380952380952384 0.2804232804232804 0.031746031746031744 0.022486772486772486
4 0.29365079365079366 0.24338624338624337 0.07539682539682539 0.037037037037037035
4 0.2757936507936508 0.25 0.03968253968253968 0.037037037037037035
3 0.4146825396825397 0.09788359788359788 0.10218253968253968 0.12698412698412698
0 0.14186507936507936 0.37566137566137564 0.17261904761904762 0.13624338624338625
1 0.3968253968253968 0.2804232804232804 0.16765873015873015 0.18253968253968253
2 0.17261904761904762 0.19047619047619047 0.07341269841269842 0.19047619047619047
18 0.3253968253968254 0.3439153439153439 0.01488095238095238 0.015873015873015872