5 0.2222222222222222 0.291005291005291 0.03273809523809524 0.04365079365079365
5 0.26884920634920634 0.3478835978835979 0.025793650793650792 0.03968253968253968
5 0.31746031746031744 0.33201058201058203 0.03869047619047619 0.05026455026455026
5 0.3392857142857143 0.27116402116402116 0.028769841269841268 0.03439153439153439
5 0.2628968253968254 0.2261904761904762 0.03373015873015873 0.03968253968253968
4 0.2261904761904762 0.23544973544973544 0.03571428571428571 0.0582010582010582
4 0.27976190476190477 0.26322751322751325 0.06845238095238096 0.0291005291005291
4 0.251984126984127 0.2896825396825397 0.027777777777777776 0.018518518518518517
4 0.3492063492063492 0.32275132275132273 0.026785714285714284 0.06349206349206349
4 0.2619047619047619 0.1931216931216931 0.03869047619047619 0.027777777777777776
4 0.21924603174603174 0.32671957671957674 0.025793650793650792 0.0291005291005291
3 0.3958333333333333 0.11243386243386243 0.09325396825396826 0.12962962962962962
0 0.20238095238095238 0.3783068783068783 0.1636904761904762 0.1865079365079365
1 0.38293650793650796 0.2447089947089947 0.1984126984126984 0.10582010582010581
2 0.13690476190476192 0.32275132275132273 0.1349206349206349 0.1164021164021164
18 0.2113095238095238 0.25396825396825395 0.00992063492063492 0.017195767195767195