5 0.27380952380952384 0.32936507936507936 0.027777777777777776 0.05026455026455026
5 0.31547619047619047 0.33201058201058203 0.04265873015873016 0.05026455026455026
5 0.21825396825396826 0.291005291005291 0.027777777777777776 0.037037037037037035
5 0.24702380952380953 0.2830687830687831 0.02976190476190476 0.031746031746031744
5 0.26785714285714285 0.2208994708994709 0.034722222222222224 0.03968253968253968
4 0.2361111111111111 0.2328042328042328 0.031746031746031744 0.047619047619047616
4 0.2619047619047619 0.25 0.0 0.0
4 0.2976190476190476 0.2724867724867725 0.0744047619047619 0.05423280423280423
4 0.24305555555555555 0.32275132275132273 0.03373015873015873 0.037037037037037035
4 0.35119047619047616 0.328042328042328 0.026785714285714284 0.047619047619047616
3 0.0992063492063492 0.08333333333333333 0.10416666666666667 0.1349206349206349
0 0.19246031746031747 0.1388888888888889 0.18154761904761904 0.09523809523809523
1 0.39285714285714285 0.24074074074074073 0.20337301587301587 0.0992063492063492
2 0.1359126984126984 0.32275132275132273 0.14087301587301587 0.13756613756613756
18 0.21626984126984128 0.25132275132275134 0.010912698412698412 0.017195767195767195
18 0.23115079365079366 0.23544973544973544 0.00992063492063492 0.01455026455026455