5 0.2390873015873016 0.21164021164021163 0.03373015873015873 0.03835978835978836
5 0.23214285714285715 0.25793650793650796 0.030753968253968252 0.03968253968253968
5 0.30654761904761907 0.2777777777777778 0.03373015873015873 0.046296296296296294
5 0.2718253968253968 0.21031746031746032 0.020833333333333332 0.018518518518518517
5 0.2708333333333333 0.28174603174603174 0.02976190476190476 0.018518518518518517
4 0.2698412698412698 0.25132275132275134 0.03968253968253968 0.03968253968253968
4 0.30257936507936506 0.2328042328042328 0.02976190476190476 0.047619047619047616
3 0.4087301587301587 0.09788359788359788 0.09523809523809523 0.12566137566137567
0 0.1359126984126984 0.373015873015873 0.18055555555555555 0.1335978835978836
1 0.39384920634920634 0.28174603174603174 0.16468253968253968 0.17724867724867724
2 0.16666666666666666 0.19047619047619047 0.08134920634920635 0.19047619047619047
18 0.32341269841269843 0.3439153439153439 0.016865079365079364 0.022486772486772486
18 0.26686507936507936 0.24603174603174602 0.017857142857142856 0.01455026455026455