5 0.2261904761904762 0.2830687830687831 0.031746031746031744 0.042328042328042326
5 0.2718253968253968 0.3386243386243386 0.028769841269841268 0.047619047619047616
5 0.32142857142857145 0.32142857142857145 0.03869047619047619 0.05555555555555555
5 0.34325396825396826 0.2619047619047619 0.031746031746031744 0.037037037037037035
5 0.2648809523809524 0.21296296296296297 0.03373015873015873 0.04497354497354497
4 0.22916666666666666 0.22486772486772486 0.03373015873015873 0.05291005291005291
4 0.35119047619047616 0.31216931216931215 0.030753968253968252 0.06349206349206349
4 0.2896825396825397 0.30687830687830686 0.028769841269841268 0.031746031746031744
4 0.2867063492063492 0.25132275132275134 0.05357142857142857 0.027777777777777776
4 0.2222222222222222 0.31613756613756616 0.02976190476190476 0.0291005291005291
3 0.39880952380952384 0.10052910052910052 0.09424603174603174 0.13227513227513227
0 0.20932539682539683 0.36507936507936506 0.14484126984126985 0.19047619047619047
1 0.38591269841269843 0.23809523809523808 0.19642857142857142 0.10052910052910052
2 0.14285714285714285 0.3148148148148148 0.1349206349206349 0.1164021164021164
18 0.2152777777777778 0.24338624338624337 0.013888888888888888 0.017195767195767195