5 0.2757936507936508 0.33201058201058203 0.027777777777777776 0.042328042328042326
5 0.29563492063492064 0.36243386243386244 0.034722222222222224 0.04894179894179894
5 0.3333333333333333 0.25793650793650796 0.040674603174603176 0.05555555555555555
4 0.2867063492063492 0.2777777777777778 0.05357142857142857 0.0701058201058201
4 0.3253968253968254 0.30158730158730157 0.05555555555555555 0.04365079365079365
4 0.3373015873015873 0.328042328042328 0.03968253968253968 0.05423280423280423
3 0.09623015873015874 0.11375661375661375 0.10317460317460317 0.11772486772486772
0 0.19047619047619047 0.15211640211640212 0.15873015873015872 0.10846560846560846
1 0.42956349206349204 0.30423280423280424 0.05357142857142857 0.2896825396825397
2 0.1527777777777778 0.3492063492063492 0.04265873015873016 0.20238095238095238
18 0.24404761904761904 0.27116402116402116 0.015873015873015872 0.018518518518518517