1 0.35813492063492064 0.328042328042328 0.15476190476190477 0.10978835978835978
0 0.21726190476190477 0.376984126984127 0.16468253968253968 0.17724867724867724
3 0.41369047619047616 0.11904761904761904 0.10119047619047619 0.12301587301587301
8 0.23015873015873015 0.33465608465608465 0.026785714285714284 0.037037037037037035
8 0.25793650793650796 0.30158730158730157 0.023809523809523808 0.031746031746031744
8 0.2896825396825397 0.24867724867724866 0.022817460317460316 0.03042328042328042
8 0.2847222222222222 0.1931216931216931 0.025793650793650792 0.03306878306878307
7 0.24404761904761904 0.21693121693121692 0.028769841269841268 0.03571428571428571
7 0.20535714285714285 0.21957671957671956 0.02976190476190476 0.037037037037037035
7 0.19047619047619047 0.30952380952380953 0.02976190476190476 0.03439153439153439
7 0.26587301587301587 0.2275132275132275 0.01984126984126984 0.046296296296296294
6 0.18055555555555555 0.1970899470899471 0.031746031746031744 0.06613756613756613
6 0.23214285714285715 0.17857142857142858 0.03968253968253968 0.04497354497354497
6 0.23809523809523808 0.25132275132275134 0.03670634920634921 0.01984126984126984