1 0.3551587301587302 0.29894179894179895 0.054563492063492064 0.24206349206349206
0 0.2619047619047619 0.43386243386243384 0.19047619047619047 0.046296296296296294
3 0.40674603174603174 0.11243386243386243 0.09126984126984126 0.12433862433862433
8 0.26884920634920634 0.30952380952380953 0.025793650793650792 0.03439153439153439
8 0.23809523809523808 0.2566137566137566 0.01984126984126984 0.03306878306878307
8 0.2718253968253968 0.2619047619047619 0.01984126984126984 0.031746031746031744
8 0.2698412698412698 0.22354497354497355 0.018849206349206348 0.0291005291005291
7 0.24801587301587302 0.2156084656084656 0.0248015873015873 0.03968253968253968
7 0.2906746031746032 0.2751322751322751 0.017857142857142856 0.03306878306878307
7 0.25595238095238093 0.2843915343915344 0.023809523809523808 0.03439153439153439
7 0.23809523809523808 0.3002645502645503 0.01984126984126984 0.0291005291005291
6 0.20634920634920634 0.24338624338624337 0.047619047619047616 0.10185185185185185