1 0.3551587301587302 0.21428571428571427 0.2003968253968254 0.06878306878306878
0 0.13293650793650794 0.24074074074074073 0.1111111111111111 0.20767195767195767
3 0.1111111111111111 0.41005291005291006 0.1259920634920635 0.11772486772486772
8 0.2400793650793651 0.16137566137566137 0.023809523809523808 0.037037037037037035
8 0.22123015873015872 0.17989417989417988 0.025793650793650792 0.031746031746031744
8 0.26587301587301587 0.2619047619047619 0.022817460317460316 0.03439153439153439
8 0.1746031746031746 0.25132275132275134 0.025793650793650792 0.03306878306878307
7 0.23015873015873015 0.24206349206349206 0.030753968253968252 0.03439153439153439
7 0.2400793650793651 0.3002645502645503 0.04662698412698413 0.03968253968253968
7 0.1626984126984127 0.23015873015873015 0.022817460317460316 0.03042328042328042
6 0.18353174603174602 0.20238095238095238 0.013888888888888888 0.06084656084656084
6 0.21825396825396826 0.21428571428571427 0.054563492063492064 0.03042328042328042
6 0.20238095238095238 0.25132275132275134 0.022817460317460316 0.047619047619047616