1 0.3630952380952381 0.20105820105820105 0.1875 0.08597883597883597
0 0.11507936507936507 0.21164021164021163 0.15178571428571427 0.2328042328042328
3 0.09523809523809523 0.4060846560846561 0.12003968253968254 0.1349206349206349
8 0.24801587301587302 0.1335978835978836 0.027777777777777776 0.03968253968253968
8 0.2261904761904762 0.15079365079365079 0.030753968253968252 0.031746031746031744
8 0.2748015873015873 0.24206349206349206 0.025793650793650792 0.03439153439153439
8 0.16964285714285715 0.2261904761904762 0.02976190476190476 0.03968253968253968
7 0.23809523809523808 0.21693121693121692 0.02976190476190476 0.041005291005291
7 0.22817460317460317 0.2751322751322751 0.030753968253968252 0.03306878306878307
7 0.25595238095238093 0.2751322751322751 0.023809523809523808 0.03306878306878307
7 0.1527777777777778 0.1984126984126984 0.031746031746031744 0.03042328042328042
6 0.17857142857142858 0.17989417989417988 0.018849206349206348 0.046296296296296294
6 0.20734126984126985 0.2208994708994709 0.02976190476190476 0.07142857142857142
6 0.2371031746031746 0.18253968253968253 0.03373015873015873 0.03042328042328042