1 0.3551587301587302 0.19047619047619047 0.1974206349206349 0.04894179894179894
0 0.11011904761904762 0.23412698412698413 0.18055555555555555 0.18783068783068782
3 0.10416666666666667 0.42857142857142855 0.1130952380952381 0.1283068783068783
8 0.1765873015873016 0.29894179894179895 0.026785714285714284 0.03306878306878307
8 0.19642857142857142 0.19047619047619047 0.027777777777777776 0.031746031746031744
8 0.2916666666666667 0.2552910052910053 0.025793650793650792 0.03439153439153439
7 0.23313492063492064 0.2724867724867725 0.027777777777777776 0.037037037037037035
7 0.23214285714285715 0.31746031746031744 0.0248015873015873 0.03042328042328042
7 0.251984126984127 0.328042328042328 0.015873015873015872 0.02513227513227513
7 0.2628968253968254 0.2526455026455027 0.025793650793650792 0.03968253968253968
6 0.23412698412698413 0.2222222222222222 0.03869047619047619 0.062169312169312166
6 0.20535714285714285 0.23015873015873015 0.013888888888888888 0.042328042328042326
6 0.18452380952380953 0.25793650793650796 0.031746031746031744 0.04497354497354497