1 0.3551587301587302 0.2857142857142857 0.14186507936507936 0.13756613756613756
0 0.12003968253968254 0.2857142857142857 0.14285714285714285 0.25925925925925924
3 0.4097222222222222 0.1164021164021164 0.10119047619047619 0.12433862433862433
8 0.25992063492063494 0.31613756613756616 0.023809523809523808 0.03439153439153439
8 0.25496031746031744 0.22354497354497355 0.021825396825396824 0.03439153439153439
8 0.21726190476190477 0.2857142857142857 0.025793650793650792 0.03571428571428571
8 0.23015873015873015 0.18253968253968253 0.022817460317460316 0.031746031746031744
7 0.24404761904761904 0.2962962962962963 0.026785714285714284 0.03835978835978836
7 0.2222222222222222 0.32275132275132273 0.031746031746031744 0.02513227513227513
7 0.2976190476190476 0.20105820105820105 0.023809523809523808 0.03306878306878307
7 0.1984126984126984 0.18915343915343916 0.027777777777777776 0.03439153439153439
7 0.22420634920634921 0.24867724867724866 0.027777777777777776 0.037037037037037035
6 0.2113095238095238 0.14947089947089948 0.06944444444444445 0.03968253968253968
6 0.19047619047619047 0.24735449735449735 0.03571428571428571 0.0291005291005291
6 0.19940476190476192 0.21957671957671956 0.021825396825396824 0.026455026455026454