1 0.3482142857142857 0.1865079365079365 0.1765873015873016 0.05555555555555555
0 0.12797619047619047 0.2222222222222222 0.16865079365079366 0.15873015873015872
3 0.11607142857142858 0.3783068783068783 0.0992063492063492 0.1283068783068783
9 0.2916666666666667 0.24074074074074073 0.023809523809523808 0.03306878306878307
9 0.1865079365079365 0.2777777777777778 0.0248015873015873 0.03571428571428571
9 0.20436507936507936 0.18386243386243387 0.018849206349206348 0.023809523809523808
8 0.2390873015873016 0.2566137566137566 0.025793650793650792 0.037037037037037035
8 0.2361111111111111 0.2976190476190476 0.023809523809523808 0.0291005291005291
8 0.25595238095238093 0.30687830687830686 0.015873015873015872 0.02513227513227513
8 0.2638888888888889 0.23809523809523808 0.023809523809523808 0.03571428571428571
7 0.23412698412698413 0.20767195767195767 0.04365079365079365 0.06084656084656084