1 0.375 0.2698412698412698 0.17559523809523808 0.13756613756613756
0 0.12301587301587301 0.2830687830687831 0.13095238095238096 0.24735449735449735
3 0.4126984126984127 0.08862433862433862 0.09126984126984126 0.1402116402116402
9 0.26587301587301587 0.30952380952380953 0.026785714285714284 0.03835978835978836
9 0.25496031746031744 0.21428571428571427 0.025793650793650792 0.03571428571428571
9 0.21924603174603174 0.2777777777777778 0.025793650793650792 0.031746031746031744
9 0.22817460317460317 0.17857142857142858 0.023809523809523808 0.03439153439153439
8 0.22817460317460317 0.24338624338624337 0.023809523809523808 0.03306878306878307
8 0.22817460317460317 0.31746031746031744 0.027777777777777776 0.026455026455026454
8 0.24603174603174602 0.291005291005291 0.023809523809523808 0.037037037037037035
8 0.30357142857142855 0.19047619047619047 0.023809523809523808 0.027777777777777776
8 0.1974206349206349 0.18783068783068782 0.025793650793650792 0.03835978835978836
7 0.21031746031746032 0.15079365079365079 0.06646825396825397 0.02513227513227513
7 0.19047619047619047 0.24206349206349206 0.03968253968253968 0.0291005291005291