1 0.3551587301587302 0.32142857142857145 0.17063492063492064 0.1349206349206349
0 0.12301587301587301 0.2619047619047619 0.14186507936507936 0.21693121693121692
3 0.10416666666666667 0.4021164021164021 0.10912698412698413 0.12169312169312169
9 0.20932539682539683 0.32671957671957674 0.025793650793650792 0.03439153439153439
9 0.27380952380952384 0.21693121693121692 0.022817460317460316 0.03306878306878307
9 0.2757936507936508 0.17989417989417988 0.0248015873015873 0.037037037037037035
9 0.20238095238095238 0.17857142857142858 0.023809523809523808 0.0291005291005291
8 0.22023809523809523 0.16005291005291006 0.02976190476190476 0.031746031746031744
8 0.18353174603174602 0.24074074074074073 0.021825396825396824 0.03306878306878307
8 0.2509920634920635 0.2751322751322751 0.025793650793650792 0.031746031746031744
8 0.29365079365079366 0.20105820105820105 0.01984126984126984 0.03306878306878307
8 0.18055555555555555 0.29365079365079366 0.023809523809523808 0.03306878306878307
7 0.21626984126984128 0.2156084656084656 0.06349206349206349 0.04497354497354497
7 0.2371031746031746 0.18518518518518517 0.0496031746031746 0.021164021164021163