1 0.3551587301587302 0.328042328042328 0.1626984126984127 0.13756613756613756
0 0.12698412698412698 0.26851851851851855 0.1378968253968254 0.21164021164021163
3 0.10615079365079365 0.41005291005291006 0.09722222222222222 0.12301587301587301
8 0.2113095238095238 0.3306878306878307 0.025793650793650792 0.037037037037037035
8 0.2748015873015873 0.21957671957671956 0.021825396825396824 0.037037037037037035
8 0.2757936507936508 0.18253968253968253 0.0248015873015873 0.031746031746031744
8 0.20436507936507936 0.18253968253968253 0.020833333333333332 0.031746031746031744
7 0.22420634920634921 0.16666666666666666 0.027777777777777776 0.037037037037037035
7 0.25396825396825395 0.28174603174603174 0.03273809523809524 0.03968253968253968
7 0.1875 0.24867724867724866 0.025793650793650792 0.03571428571428571
7 0.2986111111111111 0.20767195767195767 0.025793650793650792 0.03439153439153439
7 0.18253968253968253 0.29894179894179895 0.020833333333333332 0.03571428571428571
6 0.23511904761904762 0.21428571428571427 0.041666666666666664 0.06349206349206349
6 0.2013888888888889 0.21957671957671956 0.025793650793650792 0.04365079365079365