1 0.3412698412698413 0.34523809523809523 0.14682539682539683 0.12433862433862433
0 0.12996031746031747 0.2857142857142857 0.13293650793650794 0.18518518518518517
3 0.11408730158730158 0.41534391534391535 0.09722222222222222 0.12698412698412698
9 0.2757936507936508 0.20634920634920634 0.022817460317460316 0.03571428571428571
9 0.2748015873015873 0.2447089947089947 0.025793650793650792 0.03968253968253968
9 0.21031746031746032 0.3439153439153439 0.022817460317460316 0.037037037037037035
9 0.20238095238095238 0.2037037037037037 0.018849206349206348 0.03042328042328042
8 0.251984126984127 0.29894179894179895 0.028769841269841268 0.037037037037037035
8 0.2976190476190476 0.23015873015873015 0.01984126984126984 0.042328042328042326
8 0.2222222222222222 0.18518518518518517 0.030753968253968252 0.03571428571428571
8 0.18551587301587302 0.2671957671957672 0.025793650793650792 0.03306878306878307
8 0.18055555555555555 0.31216931216931215 0.0248015873015873 0.037037037037037035
7 0.22817460317460317 0.2275132275132275 0.06746031746031746 0.0582010582010582