1 0.36507936507936506 0.3055555555555556 0.16765873015873015 0.13227513227513227
0 0.1349206349206349 0.24867724867724866 0.1388888888888889 0.22354497354497355
3 0.11507936507936507 0.3955026455026455 0.10218253968253968 0.12433862433862433
9 0.22123015873015872 0.3134920634920635 0.025793650793650792 0.03968253968253968
9 0.2867063492063492 0.20105820105820105 0.023809523809523808 0.037037037037037035
9 0.2847222222222222 0.15873015873015872 0.027777777777777776 0.03571428571428571
9 0.2113095238095238 0.1626984126984127 0.021825396825396824 0.0291005291005291
8 0.18948412698412698 0.2830687830687831 0.021825396825396824 0.041005291005291
8 0.19345238095238096 0.23148148148148148 0.021825396825396824 0.03439153439153439
8 0.2619047619047619 0.2605820105820106 0.026785714285714284 0.03968253968253968
8 0.2509920634920635 0.2804232804232804 0.021825396825396824 0.031746031746031744
8 0.22916666666666666 0.14285714285714285 0.03373015873015873 0.037037037037037035
8 0.30853174603174605 0.18518518518518517 0.021825396825396824 0.03571428571428571
7 0.22817460317460317 0.19973544973544974 0.05654761904761905 0.05026455026455026
7 0.24603174603174602 0.167989417989418 0.04365079365079365 0.018518518518518517