1 0.36904761904761907 0.20899470899470898 0.18154761904761904 0.0873015873015873
0 0.12698412698412698 0.2222222222222222 0.14682539682539683 0.21693121693121692
3 0.10714285714285714 0.4074074074074074 0.11408730158730158 0.13756613756613756
9 0.25892857142857145 0.14285714285714285 0.02976190476190476 0.03571428571428571
9 0.2371031746031746 0.15873015873015872 0.025793650793650792 0.03571428571428571
9 0.28273809523809523 0.24867724867724866 0.025793650793650792 0.03306878306878307
9 0.17857142857142858 0.23015873015873015 0.027777777777777776 0.03306878306878307
8 0.1626984126984127 0.2037037037037037 0.03273809523809524 0.03835978835978836
8 0.17063492063492064 0.25132275132275134 0.023809523809523808 0.021164021164021163
8 0.24503968253968253 0.22354497354497355 0.027777777777777776 0.03968253968253968
8 0.2361111111111111 0.2791005291005291 0.022817460317460316 0.03439153439153439
8 0.26091269841269843 0.2804232804232804 0.025793650793650792 0.03571428571428571
8 0.2490079365079365 0.2976190476190476 0.025793650793650792 0.0291005291005291
7 0.19345238095238096 0.18253968253968253 0.013888888888888888 0.0582010582010582
7 0.24107142857142858 0.19047619047619047 0.02976190476190476 0.02513227513227513
7 0.21626984126984128 0.23015873015873015 0.028769841269841268 0.06878306878306878