1 0.3621031746031746 0.19576719576719576 0.18055555555555555 0.07936507936507936
0 0.13293650793650794 0.21031746031746032 0.1388888888888889 0.20899470899470898
3 0.10912698412698413 0.38095238095238093 0.10416666666666667 0.13095238095238096
9 0.25396825396825395 0.13756613756613756 0.026785714285714284 0.037037037037037035
9 0.23214285714285715 0.14947089947089948 0.030753968253968252 0.03968253968253968
9 0.17857142857142858 0.21825396825396826 0.031746031746031744 0.031746031746031744
9 0.2777777777777778 0.2328042328042328 0.01984126984126984 0.031746031746031744
8 0.24404761904761904 0.21164021164021163 0.026785714285714284 0.042328042328042326
8 0.23412698412698413 0.26455026455026454 0.027777777777777776 0.03042328042328042
8 0.25892857142857145 0.26455026455026454 0.021825396825396824 0.03306878306878307
8 0.16567460317460317 0.19576719576719576 0.025793650793650792 0.031746031746031744
7 0.18948412698412698 0.17989417989417988 0.017857142857142856 0.046296296296296294
7 0.21626984126984128 0.21957671957671956 0.026785714285714284 0.062169312169312166
7 0.23809523809523808 0.17989417989417988 0.034722222222222224 0.021164021164021163