1 0.3521825396825397 0.30423280423280424 0.16071428571428573 0.12566137566137567
0 0.1349206349206349 0.25396825396825395 0.12996031746031747 0.17857142857142858
3 0.11507936507936507 0.3492063492063492 0.09523809523809523 0.12566137566137567
9 0.21726190476190477 0.3082010582010582 0.02976190476190476 0.037037037037037035
9 0.2728174603174603 0.21296296296296297 0.021825396825396824 0.03439153439153439
9 0.2718253968253968 0.17989417989417988 0.022817460317460316 0.031746031746031744
9 0.20634920634920634 0.17989417989417988 0.016865079365079364 0.026455026455026454
8 0.19246031746031747 0.23015873015873015 0.01984126984126984 0.031746031746031744
8 0.1875 0.2777777777777778 0.017857142857142856 0.031746031746031744
8 0.251984126984127 0.2724867724867725 0.028769841269841268 0.03835978835978836
8 0.22420634920634921 0.1693121693121693 0.01984126984126984 0.026455026455026454
8 0.25496031746031744 0.21428571428571427 0.013888888888888888 0.021164021164021163
8 0.2926587301587302 0.2037037037037037 0.017857142857142856 0.03042328042328042
7 0.2251984126984127 0.20767195767195767 0.037698412698412696 0.05291005291005291