1 0.3531746031746032 0.291005291005291 0.18154761904761904 0.12301587301587301
0 0.19444444444444445 0.3333333333333333 0.16666666666666666 0.17063492063492064
3 0.38492063492063494 0.08465608465608465 0.0882936507936508 0.13756613756613756
9 0.20932539682539683 0.28835978835978837 0.025793650793650792 0.03571428571428571
9 0.2371031746031746 0.25925925925925924 0.025793650793650792 0.027777777777777776
9 0.2619047619047619 0.16137566137566137 0.023809523809523808 0.03306878306878307
9 0.26884920634920634 0.21164021164021163 0.023809523809523808 0.03306878306878307
8 0.16964285714285715 0.26455026455026454 0.025793650793650792 0.037037037037037035
8 0.21825396825396826 0.18253968253968253 0.02976190476190476 0.03835978835978836
8 0.2837301587301587 0.18518518518518517 0.027777777777777776 0.031746031746031744
8 0.22023809523809523 0.3201058201058201 0.028769841269841268 0.027777777777777776
8 0.18253968253968253 0.18253968253968253 0.023809523809523808 0.027777777777777776
7 0.23214285714285715 0.20899470899470898 0.023809523809523808 0.021164021164021163
7 0.15873015873015872 0.17328042328042328 0.0248015873015873 0.06084656084656084
7 0.21428571428571427 0.15211640211640212 0.031746031746031744 0.03439153439153439
7 0.19444444444444445 0.25793650793650796 0.01984126984126984 0.05026455026455026