1 0.3492063492063492 0.28835978835978837 0.14384920634920634 0.12169312169312169
0 0.1259920634920635 0.291005291005291 0.09722222222222222 0.2222222222222222
3 0.4156746031746032 0.11507936507936507 0.10119047619047619 0.12962962962962962
9 0.24404761904761904 0.23677248677248677 0.026785714285714284 0.031746031746031744
9 0.21626984126984128 0.1984126984126984 0.026785714285714284 0.03439153439153439
9 0.20833333333333334 0.29894179894179895 0.027777777777777776 0.031746031746031744
9 0.25 0.3253968253968254 0.027777777777777776 0.03306878306878307
8 0.18452380952380953 0.20634920634920634 0.03273809523809524 0.04894179894179894
8 0.21626984126984128 0.26322751322751325 0.026785714285714284 0.03968253968253968
8 0.2906746031746032 0.21164021164021163 0.025793650793650792 0.041005291005291
8 0.23412698412698413 0.30423280423280424 0.025793650793650792 0.03571428571428571
8 0.21726190476190477 0.3306878306878307 0.03373015873015873 0.026455026455026454
7 0.19444444444444445 0.16666666666666666 0.0744047619047619 0.031746031746031744