1 0.35119047619047616 0.291005291005291 0.054563492063492064 0.23809523809523808
0 0.2619047619047619 0.4246031746031746 0.18154761904761904 0.04497354497354497
3 0.4007936507936508 0.10582010582010581 0.09226190476190477 0.12566137566137567
9 0.26686507936507936 0.30423280423280424 0.025793650793650792 0.031746031746031744
9 0.26785714285714285 0.2566137566137566 0.01984126984126984 0.031746031746031744
9 0.26587301587301587 0.21825396825396826 0.023809523809523808 0.03439153439153439
9 0.2361111111111111 0.25132275132275134 0.023809523809523808 0.031746031746031744
8 0.24305555555555555 0.20899470899470898 0.025793650793650792 0.03835978835978836
8 0.25297619047619047 0.2804232804232804 0.021825396825396824 0.03042328042328042
8 0.2867063492063492 0.26851851851851855 0.021825396825396824 0.03968253968253968
8 0.23412698412698413 0.2976190476190476 0.01984126984126984 0.0291005291005291
7 0.19543650793650794 0.23677248677248677 0.061507936507936505 0.10846560846560846