1 0.34325396825396826 0.3201058201058201 0.03869047619047619 0.22354497354497355
0 0.2619047619047619 0.455026455026455 0.17261904761904762 0.04365079365079365
3 0.39087301587301587 0.14417989417989419 0.09126984126984126 0.12169312169312169
9 0.2708333333333333 0.3333333333333333 0.025793650793650792 0.03571428571428571
9 0.24206349206349206 0.27645502645502645 0.0248015873015873 0.03439153439153439
9 0.2698412698412698 0.2843915343915344 0.022817460317460316 0.03439153439153439
9 0.2718253968253968 0.24603174603174602 0.022817460317460316 0.027777777777777776
8 0.2490079365079365 0.23544973544973544 0.025793650793650792 0.03835978835978836
8 0.25992063492063494 0.30687830687830686 0.023809523809523808 0.031746031746031744
8 0.28869047619047616 0.2962962962962963 0.017857142857142856 0.031746031746031744
7 0.1984126984126984 0.2566137566137566 0.06349206349206349 0.10185185185185185