1 0.3551587301587302 0.23148148148148148 0.1498015873015873 0.07142857142857142
0 0.1388888888888889 0.25396825396825395 0.14285714285714285 0.23148148148148148
3 0.1388888888888889 0.42857142857142855 0.09821428571428571 0.13227513227513227
9 0.26091269841269843 0.17328042328042328 0.025793650793650792 0.03968253968253968
9 0.24107142857142858 0.18518518518518517 0.023809523809523808 0.03306878306878307
9 0.19146825396825398 0.2552910052910053 0.025793650793650792 0.03439153439153439
9 0.2857142857142857 0.2671957671957672 0.01984126984126984 0.03439153439153439
8 0.25496031746031744 0.24867724867724866 0.023809523809523808 0.037037037037037035
8 0.26785714285714285 0.2962962962962963 0.026785714285714284 0.03571428571428571
8 0.24404761904761904 0.2962962962962963 0.016865079365079364 0.03042328042328042
8 0.25793650793650796 0.31613756613756616 0.017857142857142856 0.023809523809523808
8 0.1765873015873016 0.23015873015873015 0.027777777777777776 0.03439153439153439
7 0.2003968253968254 0.21164021164021163 0.01984126984126984 0.0582010582010582
7 0.22023809523809523 0.24867724867724866 0.020833333333333332 0.08597883597883597
7 0.24702380952380953 0.21693121693121692 0.03373015873015873 0.026455026455026454
7 0.23511904761904762 0.24603174603174602 0.017857142857142856 0.041005291005291