1 0.32341269841269843 0.3148148148148148 0.1865079365079365 0.10449735449735449
0 0.18452380952380953 0.3558201058201058 0.12996031746031747 0.15343915343915343
3 0.3521825396825397 0.08465608465608465 0.08928571428571429 0.13095238095238096
9 0.23809523809523808 0.18783068783068782 0.022817460317460316 0.031746031746031744
9 0.24503968253968253 0.23809523809523808 0.021825396825396824 0.031746031746031744
9 0.2152777777777778 0.291005291005291 0.021825396825396824 0.02513227513227513
9 0.19047619047619047 0.3201058201058201 0.023809523809523808 0.031746031746031744
8 0.19543650793650794 0.21693121693121692 0.027777777777777776 0.031746031746031744
8 0.25992063492063494 0.20634920634920634 0.022817460317460316 0.03042328042328042
8 0.20535714285714285 0.3531746031746032 0.021825396825396824 0.0291005291005291
8 0.16666666666666666 0.22354497354497355 0.022817460317460316 0.03439153439153439
8 0.22123015873015872 0.22354497354497355 0.01984126984126984 0.03439153439153439
7 0.19047619047619047 0.24867724867724866 0.023809523809523808 0.021164021164021163
7 0.1984126984126984 0.18386243386243387 0.027777777777777776 0.03968253968253968