1 0.3611111111111111 0.3187830687830688 0.17956349206349206 0.11375661375661375
0 0.21031746031746032 0.35978835978835977 0.16666666666666666 0.15873015873015872
3 0.42063492063492064 0.10317460317460317 0.10218253968253968 0.13624338624338625
9 0.2777777777777778 0.17989417989417988 0.022817460317460316 0.03306878306878307
9 0.2837301587301587 0.23544973544973544 0.023809523809523808 0.037037037037037035
9 0.2490079365079365 0.28835978835978837 0.023809523809523808 0.027777777777777776
9 0.22023809523809523 0.31746031746031744 0.030753968253968252 0.042328042328042326
8 0.23313492063492064 0.20634920634920634 0.02976190476190476 0.037037037037037035
8 0.19246031746031747 0.20634920634920634 0.026785714285714284 0.031746031746031744
8 0.18353174603174602 0.2962962962962963 0.021825396825396824 0.037037037037037035
8 0.25892857142857145 0.21428571428571427 0.021825396825396824 0.04894179894179894
8 0.2619047619047619 0.26587301587301587 0.023809523809523808 0.0291005291005291
8 0.2996031746031746 0.20238095238095238 0.020833333333333332 0.031746031746031744
7 0.23313492063492064 0.25396825396825395 0.021825396825396824 0.037037037037037035
7 0.20634920634920634 0.2777777777777778 0.011904761904761904 0.03306878306878307
7 0.20833333333333334 0.2328042328042328 0.015873015873015872 0.02513227513227513