1 0.35912698412698413 0.3002645502645503 0.15873015873015872 0.1349206349206349
0 0.12797619047619047 0.3055555555555556 0.10912698412698413 0.24603174603174602
3 0.41369047619047616 0.11904761904761904 0.10515873015873016 0.12698412698412698
8 0.25793650793650796 0.3386243386243386 0.022817460317460316 0.03439153439153439
8 0.2490079365079365 0.25 0.021825396825396824 0.03439153439153439
8 0.2222222222222222 0.21031746031746032 0.023809523809523808 0.03439153439153439
8 0.21428571428571427 0.31084656084656087 0.027777777777777776 0.03439153439153439
7 0.22023809523809523 0.2724867724867725 0.030753968253968252 0.03835978835978836
7 0.29464285714285715 0.21693121693121692 0.025793650793650792 0.03306878306878307
7 0.19047619047619047 0.21693121693121692 0.028769841269841268 0.037037037037037035
7 0.2400793650793651 0.31613756613756616 0.0248015873015873 0.03968253968253968
7 0.22123015873015872 0.3425925925925926 0.02976190476190476 0.0291005291005291
6 0.20535714285714285 0.17724867724867724 0.06944444444444445 0.03835978835978836
6 0.18452380952380953 0.2751322751322751 0.031746031746031744 0.02513227513227513