1 0.3630952380952381 0.25396825396825395 0.1736111111111111 0.07275132275132275
0 0.13690476190476192 0.26322751322751325 0.1359126984126984 0.21428571428571427
3 0.12797619047619047 0.43783068783068785 0.08928571428571429 0.12169312169312169
9 0.25892857142857145 0.19047619047619047 0.025793650793650792 0.03306878306878307
9 0.23809523809523808 0.2037037037037037 0.022817460317460316 0.03571428571428571
9 0.28174603174603174 0.29365079365079366 0.01984126984126984 0.031746031746031744
9 0.18353174603174602 0.2724867724867725 0.021825396825396824 0.03571428571428571
8 0.2619047619047619 0.31746031746031744 0.023809523809523808 0.03306878306878307
8 0.24801587301587302 0.2724867724867725 0.023809523809523808 0.03306878306878307
8 0.16865079365079366 0.24735449735449735 0.026785714285714284 0.03439153439153439
8 0.23809523809523808 0.3148148148148148 0.023809523809523808 0.031746031746031744
8 0.2509920634920635 0.335978835978836 0.017857142857142856 0.023809523809523808
7 0.19444444444444445 0.23148148148148148 0.015873015873015872 0.05026455026455026
7 0.22123015873015872 0.2698412698412698 0.02976190476190476 0.06613756613756613
7 0.24603174603174602 0.23809523809523808 0.031746031746031744 0.03042328042328042