1 0.35714285714285715 0.19973544973544974 0.18253968253968253 0.082010582010582
0 0.11507936507936507 0.21693121693121692 0.15476190476190477 0.2328042328042328
3 0.09126984126984126 0.41005291005291006 0.12301587301587301 0.14153439153439154
9 0.24603174603174602 0.1349206349206349 0.027777777777777776 0.037037037037037035
9 0.22420634920634921 0.15079365079365079 0.028769841269841268 0.031746031746031744
9 0.16567460317460317 0.22354497354497355 0.02976190476190476 0.03968253968253968
9 0.2728174603174603 0.24338624338624337 0.021825396825396824 0.03571428571428571
8 0.2361111111111111 0.21957671957671956 0.028769841269841268 0.03968253968253968
8 0.2261904761904762 0.2751322751322751 0.022817460317460316 0.037037037037037035
8 0.25 0.2751322751322751 0.026785714285714284 0.042328042328042326
7 0.1775793650793651 0.18121693121693122 0.025793650793650792 0.04497354497354497
7 0.20634920634920634 0.22486772486772486 0.027777777777777776 0.06746031746031746