1 0.35714285714285715 0.29365079365079366 0.04563492063492063 0.23148148148148148
0 0.26587301587301587 0.41534391534391535 0.17063492063492064 0.03968253968253968
3 0.41865079365079366 0.12433862433862433 0.09523809523809523 0.10978835978835978
8 0.28075396825396826 0.2275132275132275 0.021825396825396824 0.03042328042328042
8 0.2509920634920635 0.2605820105820106 0.021825396825396824 0.031746031746031744
8 0.2787698412698413 0.30952380952380953 0.021825396825396824 0.031746031746031744
7 0.25793650793650796 0.21957671957671956 0.026785714285714284 0.037037037037037035
7 0.29563492063492064 0.2777777777777778 0.020833333333333332 0.027777777777777776
7 0.26785714285714285 0.2857142857142857 0.01984126984126984 0.031746031746031744
7 0.2876984126984127 0.24603174603174602 0.0248015873015873 0.021164021164021163
7 0.24801587301587302 0.29894179894179895 0.01984126984126984 0.027777777777777776
6 0.2123015873015873 0.2447089947089947 0.05952380952380952 0.10846560846560846