1 0.36507936507936506 0.2619047619047619 0.050595238095238096 0.2526455026455027
0 0.2718253968253968 0.3994708994708995 0.1984126984126984 0.047619047619047616
3 0.42063492063492064 0.06481481481481481 0.0992063492063492 0.12698412698412698
9 0.2787698412698413 0.2698412698412698 0.025793650793650792 0.03571428571428571
9 0.28075396825396826 0.21957671957671956 0.021825396825396824 0.03306878306878307
9 0.2777777777777778 0.17724867724867724 0.027777777777777776 0.037037037037037035
9 0.24603174603174602 0.21428571428571427 0.0248015873015873 0.031746031746031744
8 0.251984126984127 0.1693121693121693 0.027777777777777776 0.042328042328042326
8 0.2986111111111111 0.2328042328042328 0.021825396825396824 0.037037037037037035
8 0.26587301587301587 0.2447089947089947 0.0248015873015873 0.03439153439153439
8 0.24404761904761904 0.26322751322751325 0.020833333333333332 0.0291005291005291
7 0.20238095238095238 0.1984126984126984 0.06646825396825397 0.12169312169312169