1 0.35119047619047616 0.17989417989417988 0.19047619047619047 0.05423280423280423
0 0.10615079365079365 0.22486772486772486 0.19246031746031747 0.19576719576719576
3 0.09523809523809523 0.4166666666666667 0.11904761904761904 0.1349206349206349
9 0.2906746031746032 0.24603174603174602 0.025793650793650792 0.03571428571428571
9 0.1746031746031746 0.28835978835978837 0.027777777777777776 0.03571428571428571
9 0.19642857142857142 0.17989417989417988 0.023809523809523808 0.031746031746031744
8 0.23214285714285715 0.30952380952380953 0.0248015873015873 0.031746031746031744
8 0.2619047619047619 0.24338624338624337 0.027777777777777776 0.037037037037037035
8 0.23015873015873015 0.2619047619047619 0.023809523809523808 0.041005291005291
8 0.251984126984127 0.31746031746031744 0.018849206349206348 0.027777777777777776
7 0.22718253968253968 0.20899470899470898 0.04563492063492063 0.0582010582010582
7 0.18253968253968253 0.23544973544973544 0.030753968253968252 0.056878306878306875