1 0.3541666666666667 0.18783068783068782 0.19246031746031747 0.051587301587301584
0 0.10714285714285714 0.23544973544973544 0.18353174603174602 0.19973544973544974
3 0.10218253968253968 0.4246031746031746 0.1130952380952381 0.1402116402116402
8 0.2916666666666667 0.25132275132275134 0.026785714285714284 0.03571428571428571
8 0.17559523809523808 0.2962962962962963 0.025793650793650792 0.037037037037037035
8 0.19642857142857142 0.18915343915343916 0.023809523809523808 0.0291005291005291
7 0.25992063492063494 0.24867724867724866 0.027777777777777776 0.042328042328042326
7 0.23214285714285715 0.3148148148148148 0.027777777777777776 0.031746031746031744
7 0.2509920634920635 0.32407407407407407 0.017857142857142856 0.023809523809523808
7 0.23313492063492064 0.26851851851851855 0.025793650793650792 0.03968253968253968
6 0.22817460317460317 0.21428571428571427 0.037698412698412696 0.06878306878306878
6 0.18452380952380953 0.2275132275132275 0.03968253968253968 0.03042328042328042