1 0.3253968253968254 0.3492063492063492 0.18948412698412698 0.14682539682539683
0 0.12103174603174603 0.2830687830687831 0.10317460317460317 0.164021164021164
3 0.0992063492063492 0.4126984126984127 0.0992063492063492 0.10052910052910052
9 0.1884920634920635 0.3492063492063492 0.022817460317460316 0.03306878306878307
9 0.24404761904761904 0.24206349206349206 0.022817460317460316 0.03439153439153439
9 0.24404761904761904 0.20502645502645503 0.023809523809523808 0.03439153439153439
9 0.17956349206349206 0.21031746031746032 0.013888888888888888 0.023809523809523808
8 0.26587301587301587 0.22486772486772486 0.020833333333333332 0.031746031746031744
8 0.19543650793650794 0.1917989417989418 0.025793650793650792 0.03439153439153439
8 0.2261904761904762 0.2962962962962963 0.023809523809523808 0.03439153439153439
8 0.1636904761904762 0.2724867724867725 0.017857142857142856 0.026455026455026454
7 0.21031746031746032 0.23544973544973544 0.023809523809523808 0.062169312169312166
7 0.18452380952380953 0.24338624338624337 0.0248015873015873 0.05291005291005291