1 0.3551587301587302 0.3439153439153439 0.15079365079365079 0.13095238095238096
0 0.12896825396825398 0.29365079365079366 0.14384920634920634 0.2261904761904762
3 0.12103174603174603 0.43386243386243384 0.10119047619047619 0.12698412698412698
9 0.22123015873015872 0.35185185185185186 0.02976190476190476 0.03835978835978836
9 0.27976190476190477 0.24074074074074073 0.027777777777777776 0.03571428571428571
9 0.2777777777777778 0.20238095238095238 0.027777777777777776 0.03439153439153439
9 0.20833333333333334 0.2037037037037037 0.01984126984126984 0.03042328042328042
8 0.2251984126984127 0.1865079365079365 0.025793650793650792 0.03439153439153439
8 0.19444444444444445 0.2671957671957672 0.0248015873015873 0.031746031746031744
8 0.25595238095238093 0.29894179894179895 0.026785714285714284 0.03571428571428571
8 0.1865079365079365 0.3201058201058201 0.023809523809523808 0.031746031746031744
8 0.2976190476190476 0.2275132275132275 0.020833333333333332 0.031746031746031744
8 0.2222222222222222 0.31216931216931215 0.01984126984126984 0.022486772486772486
8 0.24801587301587302 0.3187830687830688 0.018849206349206348 0.0291005291005291
7 0.2361111111111111 0.23544973544973544 0.027777777777777776 0.05423280423280423
7 0.20833333333333334 0.23941798941798942 0.028769841269841268 0.03968253968253968