1 0.3611111111111111 0.3148148148148148 0.17559523809523808 0.11507936507936507
0 0.21031746031746032 0.3611111111111111 0.17063492063492064 0.17195767195767195
3 0.42162698412698413 0.09391534391534391 0.10119047619047619 0.12962962962962962
8 0.28174603174603174 0.17195767195767195 0.022817460317460316 0.03835978835978836
8 0.2867063492063492 0.23015873015873015 0.025793650793650792 0.03571428571428571
8 0.25396825396825395 0.28703703703703703 0.0248015873015873 0.0291005291005291
8 0.22420634920634921 0.31746031746031744 0.0248015873015873 0.037037037037037035
7 0.2361111111111111 0.20105820105820105 0.02976190476190476 0.03571428571428571
7 0.1974206349206349 0.2037037037037037 0.02976190476190476 0.03042328042328042
7 0.30257936507936506 0.1984126984126984 0.021825396825396824 0.031746031746031744
7 0.25992063492063494 0.20767195767195767 0.0248015873015873 0.03968253968253968
7 0.24107142857142858 0.3558201058201058 0.017857142857142856 0.026455026455026454
6 0.24702380952380953 0.2275132275132275 0.02976190476190476 0.017195767195767195
6 0.21329365079365079 0.2724867724867725 0.021825396825396824 0.022486772486772486
6 0.20337301587301587 0.2275132275132275 0.031746031746031744 0.022486772486772486