1 0.34226190476190477 0.28835978835978837 0.05357142857142857 0.23677248677248677
0 0.2569444444444444 0.41534391534391535 0.17261904761904762 0.046296296296296294
3 0.376984126984127 0.09259259259259259 0.09821428571428571 0.1335978835978836
9 0.25595238095238093 0.30423280423280424 0.023809523809523808 0.03042328042328042
9 0.2569444444444444 0.25793650793650796 0.021825396825396824 0.0291005291005291
9 0.2261904761904762 0.2566137566137566 0.01984126984126984 0.027777777777777776
9 0.25396825396825395 0.21957671957671956 0.022817460317460316 0.03042328042328042
8 0.23511904761904762 0.21428571428571427 0.025793650793650792 0.037037037037037035
8 0.24404761904761904 0.2830687830687831 0.0248015873015873 0.03306878306878307
8 0.2757936507936508 0.2671957671957672 0.01984126984126984 0.031746031746031744
8 0.22817460317460317 0.29894179894179895 0.016865079365079364 0.02513227513227513
7 0.19345238095238096 0.24338624338624337 0.05357142857142857 0.0992063492063492