1 0.33134920634920634 0.28835978835978837 0.17857142857142858 0.12698412698412698
0 0.10912698412698413 0.29894179894179895 0.09226190476190477 0.2222222222222222
3 0.3680555555555556 0.09259259259259259 0.08531746031746032 0.1335978835978836
8 0.2261904761904762 0.3253968253968254 0.022817460317460316 0.03042328042328042
8 0.2152777777777778 0.23677248677248677 0.021825396825396824 0.0291005291005291
8 0.18353174603174602 0.29894179894179895 0.02976190476190476 0.037037037037037035
8 0.18948412698412698 0.2037037037037037 0.021825396825396824 0.03042328042328042
7 0.2619047619047619 0.20634920634920634 0.023809523809523808 0.031746031746031744
7 0.21031746031746032 0.30952380952380953 0.0248015873015873 0.03439153439153439
7 0.19345238095238096 0.32936507936507936 0.031746031746031744 0.03439153439153439
7 0.19246031746031747 0.26455026455026454 0.026785714285714284 0.03306878306878307
7 0.16468253968253968 0.21428571428571427 0.023809523809523808 0.03571428571428571
6 0.1746031746031746 0.1746031746031746 0.06746031746031746 0.03306878306878307