1 0.3630952380952381 0.2843915343915344 0.1626984126984127 0.1455026455026455
0 0.12301587301587301 0.2777777777777778 0.11408730158730158 0.2261904761904762
3 0.41964285714285715 0.09259259259259259 0.10317460317460317 0.13624338624338625
9 0.25496031746031744 0.3148148148148148 0.025793650793650792 0.03306878306878307
9 0.2490079365079365 0.2208994708994709 0.021825396825396824 0.03439153439153439
9 0.2123015873015873 0.2830687830687831 0.026785714285714284 0.03306878306878307
9 0.2222222222222222 0.18253968253968253 0.023809523809523808 0.031746031746031744
8 0.29662698412698413 0.19444444444444445 0.025793650793650792 0.03439153439153439
8 0.2361111111111111 0.2962962962962963 0.027777777777777776 0.037037037037037035
8 0.21825396825396826 0.3201058201058201 0.03273809523809524 0.02513227513227513
8 0.19047619047619047 0.18518518518518517 0.027777777777777776 0.041005291005291
8 0.22023809523809523 0.25 0.027777777777777776 0.03968253968253968
7 0.20436507936507936 0.15079365079365079 0.07242063492063493 0.037037037037037035
7 0.19146825396825398 0.21693121693121692 0.021825396825396824 0.02513227513227513
7 0.17857142857142858 0.2447089947089947 0.016865079365079364 0.023809523809523808