1 0.33630952380952384 0.33994708994708994 0.20238095238095238 0.11904761904761904
0 0.1865079365079365 0.37566137566137564 0.15773809523809523 0.1574074074074074
3 0.375 0.09656084656084656 0.0882936507936508 0.12962962962962962
8 0.24404761904761904 0.1984126984126984 0.023809523809523808 0.037037037037037035
8 0.25 0.25132275132275134 0.028769841269841268 0.041005291005291
8 0.21726190476190477 0.30687830687830686 0.025793650793650792 0.031746031746031744
8 0.19047619047619047 0.3386243386243386 0.0248015873015873 0.031746031746031744
7 0.1984126984126984 0.22486772486772486 0.02976190476190476 0.03042328042328042
7 0.2648809523809524 0.21825396825396826 0.021825396825396824 0.0291005291005291
7 0.20734126984126985 0.37566137566137564 0.025793650793650792 0.03306878306878307
7 0.23015873015873015 0.2830687830687831 0.01984126984126984 0.02513227513227513
7 0.22420634920634921 0.23677248677248677 0.020833333333333332 0.03968253968253968
6 0.1498015873015873 0.22486772486772486 0.021825396825396824 0.0582010582010582
6 0.18353174603174602 0.25793650793650796 0.03373015873015873 0.0291005291005291