1 0.3472222222222222 0.335978835978836 0.15575396825396826 0.09523809523809523
0 0.20932539682539683 0.37037037037037035 0.1488095238095238 0.15211640211640212
3 0.41865079365079366 0.13227513227513227 0.10714285714285714 0.13227513227513227
8 0.2718253968253968 0.20105820105820105 0.0248015873015873 0.03306878306878307
8 0.2777777777777778 0.25793650793650796 0.023809523809523808 0.03439153439153439
8 0.24404761904761904 0.31084656084656087 0.022817460317460316 0.0291005291005291
8 0.21726190476190477 0.33994708994708994 0.025793650793650792 0.0291005291005291
7 0.19246031746031747 0.23015873015873015 0.034722222222222224 0.03968253968253968
7 0.22817460317460317 0.22883597883597884 0.027777777777777776 0.037037037037037035
7 0.251984126984127 0.23015873015873015 0.020833333333333332 0.04365079365079365
7 0.2926587301587302 0.22354497354497355 0.021825396825396824 0.03439153439153439
6 0.20337301587301587 0.30687830687830686 0.017857142857142856 0.04365079365079365
6 0.16865079365079366 0.20634920634920634 0.022817460317460316 0.0701058201058201
6 0.23412698412698413 0.2671957671957672 0.047619047619047616 0.02513227513227513