2 0.41865079365079366 0.33465608465608465 0.03670634920634921 0.2037037037037037
0 0.1111111111111111 0.3055555555555556 0.04265873015873016 0.2566137566137566
1 0.38492063492063494 0.32407407407407407 0.04662698412698413 0.25132275132275134
3 0.40476190476190477 0.11375661375661375 0.10218253968253968 0.13227513227513227
11 0.2777777777777778 0.2751322751322751 0.027777777777777776 0.026455026455026454
11 0.21428571428571427 0.2671957671957672 0.028769841269841268 0.062169312169312166
11 0.24206349206349206 0.2751322751322751 0.031746031746031744 0.046296296296296294
11 0.22420634920634921 0.27116402116402116 0.030753968253968252 0.03439153439153439
10 0.2003968253968254 0.32275132275132273 0.03968253968253968 0.056878306878306875
10 0.26587301587301587 0.23544973544973544 0.05853174603174603 0.06481481481481481
10 0.26785714285714285 0.30952380952380953 0.06746031746031746 0.06349206349206349