2 0.3353174603174603 0.29365079365079366 0.13392857142857142 0.11772486772486772
0 0.1597222222222222 0.3253968253968254 0.18452380952380953 0.10978835978835978
1 0.375 0.2552910052910053 0.12301587301587301 0.1984126984126984
3 0.12400793650793651 0.20238095238095238 0.10515873015873016 0.11375661375661375
11 0.314484126984127 0.24603174603174602 0.027777777777777776 0.031746031746031744
11 0.25396825396825395 0.30952380952380953 0.028769841269841268 0.037037037037037035
11 0.2628968253968254 0.32275132275132273 0.02976190476190476 0.04894179894179894
11 0.2261904761904762 0.3783068783068783 0.0248015873015873 0.042328042328042326
11 0.25992063492063494 0.3968253968253968 0.026785714285714284 0.031746031746031744
11 0.2390873015873016 0.37037037037037035 0.02976190476190476 0.03835978835978836
11 0.25595238095238093 0.36507936507936506 0.03869047619047619 0.037037037037037035
10 0.21031746031746032 0.37962962962962965 0.04662698412698413 0.0873015873015873
10 0.28174603174603174 0.33201058201058203 0.027777777777777776 0.07671957671957672
10 0.24107142857142858 0.3968253968253968 0.057539682539682536 0.03968253968253968
10 0.26785714285714285 0.4021164021164021 0.04265873015873016 0.0701058201058201