2 0.2976190476190476 0.21957671957671956 0.14781746031746032 0.07804232804232804
0 0.1488095238095238 0.2804232804232804 0.18948412698412698 0.0873015873015873
1 0.30158730158730157 0.3544973544973545 0.0248015873015873 0.2552910052910053
3 0.1111111111111111 0.16666666666666666 0.1001984126984127 0.11772486772486772
11 0.20734126984126985 0.22354497354497355 0.037698412698412696 0.0291005291005291
11 0.2867063492063492 0.2751322751322751 0.015873015873015872 0.042328042328042326
11 0.23214285714285715 0.27645502645502645 0.03571428571428571 0.03439153439153439
11 0.2400793650793651 0.3002645502645503 0.03571428571428571 0.04497354497354497
10 0.1974206349206349 0.30158730158730157 0.041666666666666664 0.04894179894179894
10 0.24305555555555555 0.24074074074074073 0.041666666666666664 0.04497354497354497
10 0.28075396825396826 0.3148148148148148 0.025793650793650792 0.046296296296296294
10 0.25892857142857145 0.27380952380952384 0.0496031746031746 0.05026455026455026