2 0.30753968253968256 0.20899470899470898 0.14682539682539683 0.1111111111111111
0 0.15674603174603174 0.2566137566137566 0.19543650793650794 0.07407407407407407
1 0.3115079365079365 0.3333333333333333 0.03373015873015873 0.26455026455026454
3 0.12103174603174603 0.1402116402116402 0.0992063492063492 0.12169312169312169
11 0.2123015873015873 0.2037037037037037 0.040674603174603176 0.031746031746031744
11 0.29365079365079366 0.25925925925925924 0.012896825396825396 0.037037037037037035
11 0.2361111111111111 0.2619047619047619 0.022817460317460316 0.031746031746031744
11 0.24603174603174602 0.28174603174603174 0.03273809523809524 0.03439153439153439
11 0.251984126984127 0.294973544973545 0.03869047619047619 0.0291005291005291
10 0.20337301587301587 0.2830687830687831 0.037698412698412696 0.05423280423280423
10 0.25992063492063494 0.23015873015873015 0.05952380952380952 0.062169312169312166
10 0.2876984126984127 0.30158730158730157 0.028769841269841268 0.047619047619047616
10 0.2718253968253968 0.25793650793650796 0.034722222222222224 0.03968253968253968