2 0.43253968253968256 0.328042328042328 0.04365079365079365 0.21296296296296297
0 0.13095238095238096 0.30158730158730157 0.03968253968253968 0.23809523809523808
1 0.3968253968253968 0.32275132275132273 0.047619047619047616 0.26322751322751325
3 0.41369047619047616 0.10052910052910052 0.10119047619047619 0.13624338624338625
11 0.22023809523809523 0.2552910052910053 0.03273809523809524 0.03968253968253968
11 0.2867063492063492 0.2724867724867725 0.03373015873015873 0.021164021164021163
11 0.251984126984127 0.2751322751322751 0.023809523809523808 0.041005291005291
11 0.23412698412698413 0.26851851851851855 0.03869047619047619 0.04497354497354497
10 0.2123015873015873 0.31746031746031744 0.03869047619047619 0.05291005291005291
10 0.2757936507936508 0.23544973544973544 0.05555555555555555 0.062169312169312166
10 0.27380952380952384 0.30423280423280424 0.06646825396825397 0.06481481481481481