2 0.3501984126984127 0.23677248677248677 0.1488095238095238 0.12962962962962962
0 0.15674603174603174 0.26587301587301587 0.20634920634920634 0.11375661375661375
1 0.3958333333333333 0.20238095238095238 0.13293650793650794 0.21428571428571427
3 0.11706349206349206 0.12433862433862433 0.11507936507936507 0.13624338624338625
10 0.32936507936507936 0.18783068783068782 0.03273809523809524 0.03835978835978836
10 0.2619047619047619 0.25793650793650796 0.03273809523809524 0.03439153439153439
10 0.2698412698412698 0.27116402116402116 0.026785714285714284 0.037037037037037035
10 0.22916666666666666 0.3306878306878307 0.02976190476190476 0.041005291005291
10 0.26686507936507936 0.3544973544973545 0.02976190476190476 0.031746031746031744
10 0.25992063492063494 0.31216931216931215 0.03968253968253968 0.041005291005291
9 0.2906746031746032 0.2804232804232804 0.03373015873015873 0.08465608465608465
9 0.2123015873015873 0.3002645502645503 0.05853174603174603 0.037037037037037035
9 0.2113095238095238 0.34523809523809523 0.03373015873015873 0.06613756613756613
9 0.2718253968253968 0.35714285714285715 0.04662698412698413 0.08465608465608465
9 0.24503968253968253 0.35185185185185186 0.061507936507936505 0.05291005291005291