2 0.4087301587301587 0.32936507936507936 0.04365079365079365 0.20899470899470898
0 0.08928571428571429 0.30687830687830686 0.040674603174603176 0.2566137566137566
1 0.373015873015873 0.32275132275132273 0.04365079365079365 0.2605820105820106
3 0.3998015873015873 0.10052910052910052 0.10912698412698413 0.1349206349206349
11 0.2847222222222222 0.28835978835978837 0.025793650793650792 0.04894179894179894
11 0.23214285714285715 0.3558201058201058 0.023809523809523808 0.03968253968253968
11 0.25892857142857145 0.3148148148148148 0.0496031746031746 0.03042328042328042
11 0.26785714285714285 0.291005291005291 0.03670634920634921 0.041005291005291
10 0.24801587301587302 0.24074074074074073 0.051587301587301584 0.03042328042328042
10 0.22321428571428573 0.3253968253968254 0.02976190476190476 0.1164021164021164
10 0.26884920634920634 0.35978835978835977 0.06547619047619048 0.0582010582010582