2 0.30158730158730157 0.19047619047619047 0.14384920634920634 0.09523809523809523
0 0.13095238095238096 0.25132275132275134 0.1875 0.1388888888888889
1 0.376984126984127 0.19444444444444445 0.12698412698412698 0.1931216931216931
3 0.3878968253968254 0.27645502645502645 0.10515873015873016 0.11904761904761904
10 0.2787698412698413 0.15343915343915343 0.025793650793650792 0.03571428571428571
10 0.2371031746031746 0.30952380952380953 0.025793650793650792 0.03306878306878307
10 0.20238095238095238 0.3002645502645503 0.026785714285714284 0.042328042328042326
10 0.2261904761904762 0.2275132275132275 0.023809523809523808 0.03835978835978836
10 0.23214285714285715 0.23544973544973544 0.0248015873015873 0.03968253968253968
10 0.21924603174603174 0.28835978835978837 0.03373015873015873 0.031746031746031744
10 0.23015873015873015 0.27645502645502645 0.03869047619047619 0.04497354497354497
9 0.2569444444444444 0.24074074074074073 0.02976190476190476 0.08465608465608465
9 0.18353174603174602 0.294973544973545 0.04563492063492063 0.0873015873015873
9 0.24503968253968253 0.3187830687830688 0.03571428571428571 0.0873015873015873
9 0.2222222222222222 0.31084656084656087 0.047619047619047616 0.05026455026455026