2 0.36607142857142855 0.17989417989417988 0.14285714285714285 0.0582010582010582
0 0.13293650793650794 0.33994708994708994 0.14682539682539683 0.1984126984126984
1 0.38392857142857145 0.22354497354497355 0.12896825396825398 0.21428571428571427
3 0.09722222222222222 0.17989417989417988 0.11408730158730158 0.12433862433862433
11 0.3194444444444444 0.21693121693121692 0.027777777777777776 0.037037037037037035
11 0.21031746031746032 0.22883597883597884 0.034722222222222224 0.03968253968253968
11 0.22023809523809523 0.31746031746031744 0.028769841269841268 0.04365079365079365
11 0.25595238095238093 0.26851851851851855 0.03273809523809524 0.03439153439153439
11 0.2619047619047619 0.28835978835978837 0.026785714285714284 0.02513227513227513
11 0.24404761904761904 0.3439153439153439 0.0248015873015873 0.026455026455026454
10 0.24404761904761904 0.23412698412698413 0.05257936507936508 0.0291005291005291
10 0.1984126984126984 0.33994708994708994 0.022817460317460316 0.082010582010582
10 0.22718253968253968 0.3386243386243386 0.037698412698412696 0.06481481481481481
10 0.2728174603174603 0.30952380952380953 0.04563492063492063 0.062169312169312166
10 0.2638888888888889 0.37962962962962965 0.022817460317460316 0.0873015873015873