2 0.29563492063492064 0.23544973544973544 0.12003968253968254 0.15873015873015872
0 0.1259920634920635 0.28703703703703703 0.12896825396825398 0.24074074074074073
1 0.36507936507936506 0.21428571428571427 0.13095238095238096 0.20238095238095238
3 0.39880952380952384 0.10185185185185185 0.09623015873015874 0.1402116402116402
10 0.2638888888888889 0.16666666666666666 0.030753968253968252 0.031746031746031744
10 0.18452380952380953 0.17724867724867724 0.023809523809523808 0.03042328042328042
10 0.19047619047619047 0.3333333333333333 0.026785714285714284 0.046296296296296294
10 0.21428571428571427 0.24206349206349206 0.03670634920634921 0.03968253968253968
10 0.21825396825396826 0.25396825396825395 0.027777777777777776 0.05952380952380952
9 0.1736111111111111 0.167989417989418 0.01984126984126984 0.0291005291005291
9 0.18452380952380953 0.21296296296296297 0.022817460317460316 0.05555555555555555
9 0.22321428571428573 0.20899470899470898 0.061507936507936505 0.031746031746031744
9 0.23412698412698413 0.2619047619047619 0.04662698412698413 0.07936507936507936
9 0.16468253968253968 0.32407407407407407 0.03670634920634921 0.07142857142857142
9 0.18253968253968253 0.29894179894179895 0.05952380952380952 0.03571428571428571