2 0.375 0.3412698412698413 0.03373015873015873 0.1917989417989418
0 0.061507936507936505 0.3082010582010582 0.051587301587301584 0.29894179894179895
1 0.34523809523809523 0.3306878306878307 0.03968253968253968 0.24338624338624337
3 0.375 0.13095238095238096 0.11210317460317461 0.11904761904761904
11 0.2222222222222222 0.36243386243386244 0.022817460317460316 0.03835978835978836
11 0.26884920634920634 0.3029100529100529 0.021825396825396824 0.05026455026455026
11 0.25595238095238093 0.3029100529100529 0.030753968253968252 0.06084656084656084
11 0.24503968253968253 0.31613756613756616 0.03373015873015873 0.03968253968253968
10 0.2371031746031746 0.24735449735449735 0.05357142857142857 0.0291005291005291
10 0.2123015873015873 0.32936507936507936 0.040674603174603176 0.1164021164021164
10 0.251984126984127 0.36772486772486773 0.060515873015873016 0.06349206349206349