2 0.314484126984127 0.21693121693121692 0.14484126984126985 0.09391534391534391
0 0.16765873015873015 0.2698412698412698 0.18452380952380953 0.07936507936507936
1 0.3134920634920635 0.3412698412698413 0.03869047619047619 0.24338624338624337
3 0.1259920634920635 0.17195767195767195 0.09325396825396826 0.1164021164021164
11 0.22123015873015872 0.21428571428571427 0.03373015873015873 0.037037037037037035
11 0.29662698412698413 0.2671957671957672 0.013888888888888888 0.03571428571428571
11 0.24305555555555555 0.2896825396825397 0.017857142857142856 0.06084656084656084
11 0.25297619047619047 0.3002645502645503 0.041666666666666664 0.04497354497354497
10 0.21031746031746032 0.28835978835978837 0.03670634920634921 0.047619047619047616
10 0.2906746031746032 0.30687830687830686 0.03373015873015873 0.046296296296296294
10 0.26686507936507936 0.24074074074074073 0.05952380952380952 0.05952380952380952
10 0.2767857142857143 0.2751322751322751 0.037698412698412696 0.03306878306878307