2 0.3055555555555556 0.21693121693121692 0.15476190476190477 0.10978835978835978
0 0.1527777777777778 0.26455026455026454 0.1984126984126984 0.07407407407407407
1 0.3055555555555556 0.3386243386243386 0.031746031746031744 0.26455026455026454
3 0.1130952380952381 0.14947089947089948 0.0992063492063492 0.12433862433862433
10 0.21031746031746032 0.21296296296296297 0.034722222222222224 0.0291005291005291
10 0.2896825396825397 0.26455026455026454 0.012896825396825396 0.03571428571428571
10 0.24206349206349206 0.29365079365079366 0.040674603174603176 0.04365079365079365
10 0.23809523809523808 0.2804232804232804 0.023809523809523808 0.05423280423280423
9 0.2003968253968254 0.28835978835978837 0.03670634920634921 0.05423280423280423
9 0.25595238095238093 0.23677248677248677 0.05952380952380952 0.06613756613756613
9 0.28174603174603174 0.30687830687830686 0.03273809523809524 0.04365079365079365
9 0.2708333333333333 0.27116402116402116 0.037698412698412696 0.03968253968253968