2 0.3551587301587302 0.3386243386243386 0.034722222222222224 0.20105820105820105
0 0.031746031746031744 0.29894179894179895 0.044642857142857144 0.3082010582010582
1 0.32242063492063494 0.328042328042328 0.03373015873015873 0.24735449735449735
3 0.3551587301587302 0.1283068783068783 0.10416666666666667 0.12433862433862433
11 0.22916666666666666 0.2751322751322751 0.02976190476190476 0.02513227513227513
11 0.15873015873015872 0.26587301587301587 0.03670634920634921 0.06613756613756613
11 0.17857142857142858 0.2619047619047619 0.03571428571428571 0.047619047619047616
11 0.19146825396825398 0.2777777777777778 0.025793650793650792 0.046296296296296294
10 0.13988095238095238 0.32275132275132273 0.041666666666666664 0.06481481481481481
10 0.2152777777777778 0.23677248677248677 0.061507936507936505 0.06613756613756613
10 0.21329365079365079 0.31216931216931215 0.07738095238095238 0.0701058201058201