2 0.3392857142857143 0.1984126984126984 0.1001984126984127 0.056878306878306875
0 0.11011904761904762 0.3584656084656085 0.18452380952380953 0.21957671957671956
1 0.3501984126984127 0.25 0.10515873015873016 0.1931216931216931
3 0.11904761904761904 0.16005291005291006 0.10317460317460317 0.1455026455026455
10 0.3005952380952381 0.23544973544973544 0.02976190476190476 0.031746031746031744
10 0.20436507936507936 0.23809523809523808 0.03869047619047619 0.03835978835978836
10 0.2490079365079365 0.2857142857142857 0.02976190476190476 0.051587301587301584
10 0.23809523809523808 0.3492063492063492 0.026785714285714284 0.037037037037037035
10 0.21428571428571427 0.32142857142857145 0.034722222222222224 0.047619047619047616
9 0.2390873015873016 0.2447089947089947 0.05357142857142857 0.023809523809523808
9 0.19047619047619047 0.3439153439153439 0.015873015873015872 0.07407407407407407
9 0.25297619047619047 0.3888888888888889 0.02976190476190476 0.08597883597883597
9 0.2638888888888889 0.31746031746031744 0.040674603174603176 0.056878306878306875
9 0.22420634920634921 0.3439153439153439 0.03968253968253968 0.0582010582010582