2 0.28869047619047616 0.25 0.11706349206349206 0.15079365079365079
0 0.12301587301587301 0.3055555555555556 0.11805555555555555 0.23544973544973544
1 0.35615079365079366 0.2275132275132275 0.12896825396825398 0.19047619047619047
3 0.3878968253968254 0.11375661375661375 0.08928571428571429 0.1335978835978836
10 0.2619047619047619 0.18253968253968253 0.023809523809523808 0.026455026455026454
10 0.18055555555555555 0.19576719576719576 0.022817460317460316 0.03042328042328042
10 0.19146825396825398 0.3492063492063492 0.02976190476190476 0.042328042328042326
10 0.20634920634920634 0.25396825396825395 0.030753968253968252 0.03042328042328042
10 0.21031746031746032 0.2777777777777778 0.023809523809523808 0.03571428571428571
10 0.21031746031746032 0.2566137566137566 0.03670634920634921 0.031746031746031744
9 0.18055555555555555 0.2261904761904762 0.027777777777777776 0.05555555555555555
9 0.16666666666666666 0.18253968253968253 0.020833333333333332 0.026455026455026454
9 0.1626984126984127 0.3412698412698413 0.03571428571428571 0.056878306878306875
9 0.21825396825396826 0.2275132275132275 0.06746031746031746 0.021164021164021163
9 0.22817460317460317 0.2751322751322751 0.044642857142857144 0.07936507936507936
9 0.18353174603174602 0.31746031746031744 0.04563492063492063 0.04365079365079365