2 0.29563492063492064 0.23015873015873015 0.12202380952380952 0.16005291005291006
0 0.125 0.2830687830687831 0.12797619047619047 0.2328042328042328
1 0.36607142857142855 0.20899470899470898 0.12896825396825398 0.20502645502645503
3 0.4017857142857143 0.09259259259259259 0.10119047619047619 0.1388888888888889
11 0.26686507936507936 0.16137566137566137 0.025793650793650792 0.03042328042328042
11 0.1865079365079365 0.1746031746031746 0.023809523809523808 0.03042328042328042
11 0.19246031746031747 0.3306878306878307 0.023809523809523808 0.047619047619047616
11 0.21329365079365079 0.23544973544973544 0.037698412698412696 0.03306878306878307
11 0.21428571428571427 0.2526455026455027 0.027777777777777776 0.05026455026455026
10 0.1765873015873016 0.18915343915343916 0.031746031746031744 0.082010582010582
10 0.16567460317460317 0.32142857142857145 0.03373015873015873 0.05555555555555555
10 0.1875 0.29894179894179895 0.041666666666666664 0.047619047619047616
10 0.23015873015873015 0.2777777777777778 0.050595238095238096 0.042328042328042326
10 0.22023809523809523 0.20634920634920634 0.06349206349206349 0.022486772486772486
10 0.24305555555555555 0.24603174603174602 0.02976190476190476 0.05291005291005291