2 0.31845238095238093 0.26455026455026454 0.12301587301587301 0.11772486772486772
0 0.1388888888888889 0.29365079365079366 0.20932539682539683 0.11772486772486772
1 0.3492063492063492 0.2328042328042328 0.10714285714285714 0.18915343915343916
3 0.11011904761904762 0.15343915343915343 0.10119047619047619 0.13095238095238096
11 0.2986111111111111 0.21957671957671956 0.02976190476190476 0.037037037037037035
11 0.24206349206349206 0.28174603174603174 0.028769841269841268 0.03439153439153439
11 0.25 0.29365079365079366 0.023809523809523808 0.03571428571428571
11 0.21031746031746032 0.3492063492063492 0.022817460317460316 0.03835978835978836
11 0.24404761904761904 0.36772486772486773 0.03273809523809524 0.031746031746031744
11 0.23412698412698413 0.3412698412698413 0.031746031746031744 0.03439153439153439
11 0.24801587301587302 0.33465608465608465 0.023809523809523808 0.037037037037037035
10 0.26785714285714285 0.30158730158730157 0.030753968253968252 0.0701058201058201
10 0.19543650793650794 0.32407407407407407 0.0496031746031746 0.03439153439153439
10 0.19642857142857142 0.36772486772486773 0.031746031746031744 0.0582010582010582
10 0.23511904761904762 0.3664021164021164 0.0496031746031746 0.03968253968253968
10 0.251984126984127 0.37566137566137564 0.03869047619047619 0.07539682539682539