2 0.4107142857142857 0.32275132275132273 0.03869047619047619 0.21031746031746032
0 0.0992063492063492 0.2962962962962963 0.04265873015873016 0.26322751322751325
1 0.37896825396825395 0.3134920634920635 0.04365079365079365 0.2566137566137566
3 0.40476190476190477 0.09391534391534391 0.10813492063492064 0.1402116402116402
11 0.2857142857142857 0.2857142857142857 0.028769841269841268 0.05423280423280423
11 0.2400793650793651 0.34523809523809523 0.023809523809523808 0.03968253968253968
11 0.25892857142857145 0.30423280423280424 0.041666666666666664 0.03042328042328042
11 0.2728174603174603 0.28174603174603174 0.041666666666666664 0.04497354497354497
10 0.25396825396825395 0.23412698412698413 0.050595238095238096 0.0291005291005291
10 0.2261904761904762 0.3148148148148148 0.030753968253968252 0.10582010582010581
10 0.2708333333333333 0.35185185185185186 0.061507936507936505 0.0582010582010582