2 0.3263888888888889 0.2619047619047619 0.14484126984126985 0.12566137566137567
0 0.1388888888888889 0.2923280423280423 0.20238095238095238 0.11375661375661375
1 0.373015873015873 0.2275132275132275 0.13095238095238096 0.20634920634920634
3 0.09821428571428571 0.1574074074074074 0.10515873015873016 0.12433862433862433
10 0.30654761904761907 0.21428571428571427 0.02976190476190476 0.03571428571428571
10 0.24503968253968253 0.2857142857142857 0.03373015873015873 0.046296296296296294
10 0.25 0.2923280423280423 0.026785714285714284 0.03968253968253968
10 0.20932539682539683 0.35185185185185186 0.025793650793650792 0.037037037037037035
10 0.24801587301587302 0.373015873015873 0.027777777777777776 0.027777777777777776
10 0.22123015873015872 0.3439153439153439 0.03373015873015873 0.041005291005291
10 0.23809523809523808 0.3373015873015873 0.044642857142857144 0.03439153439153439
9 0.27380952380952384 0.3082010582010582 0.03373015873015873 0.0873015873015873
9 0.251984126984127 0.3835978835978836 0.04365079365079365 0.07539682539682539
9 0.22321428571428573 0.37566137566137564 0.061507936507936505 0.042328042328042326
9 0.1884920634920635 0.35185185185185186 0.03968253968253968 0.08333333333333333