2 0.2976190476190476 0.2222222222222222 0.15575396825396826 0.1111111111111111
0 0.10813492063492064 0.291005291005291 0.20436507936507936 0.15211640211640212
1 0.3759920634920635 0.21957671957671956 0.13690476190476192 0.21164021164021163
3 0.3888888888888889 0.3306878306878307 0.1111111111111111 0.12698412698412698
11 0.2728174603174603 0.17724867724867724 0.02976190476190476 0.03306878306878307
11 0.21428571428571427 0.25925925925925924 0.027777777777777776 0.037037037037037035
11 0.22123015873015872 0.26587301587301587 0.03373015873015873 0.047619047619047616
11 0.1865079365079365 0.3386243386243386 0.027777777777777776 0.03835978835978836
11 0.22817460317460317 0.3531746031746032 0.027777777777777776 0.03439153439153439
11 0.22023809523809523 0.31746031746031744 0.040674603174603176 0.03306878306878307
11 0.2003968253968254 0.33201058201058203 0.028769841269841268 0.05026455026455026
10 0.24603174603174602 0.2777777777777778 0.031746031746031744 0.08465608465608465
10 0.16666666666666666 0.3412698412698413 0.054563492063492064 0.09523809523809523
10 0.23511904761904762 0.35978835978835977 0.037698412698412696 0.08465608465608465
10 0.2123015873015873 0.3531746031746032 0.05257936507936508 0.05555555555555555