2 0.4246031746031746 0.3253968253968254 0.03968253968253968 0.21296296296296297
0 0.15178571428571427 0.2857142857142857 0.2003968253968254 0.10052910052910052
1 0.39384920634920634 0.3187830687830688 0.0496031746031746 0.2619047619047619
3 0.4146825396825397 0.10052910052910052 0.10714285714285714 0.14285714285714285
10 0.21329365079365079 0.2328042328042328 0.037698412698412696 0.031746031746031744
10 0.2847222222222222 0.2724867724867725 0.02976190476190476 0.037037037037037035
10 0.2916666666666667 0.35978835978835977 0.050595238095238096 0.037037037037037035
10 0.30357142857142855 0.3915343915343915 0.034722222222222224 0.042328042328042326
9 0.2003968253968254 0.31216931216931215 0.04365079365079365 0.0582010582010582
9 0.26884920634920634 0.2275132275132275 0.057539682539682536 0.06481481481481481
9 0.3323412698412698 0.34523809523809523 0.027777777777777776 0.10846560846560846