2 0.3055555555555556 0.23941798941798942 0.14186507936507936 0.08994708994708994
0 0.1746031746031746 0.294973544973545 0.15773809523809523 0.07936507936507936
1 0.30952380952380953 0.3611111111111111 0.0248015873015873 0.2671957671957672
3 0.13095238095238096 0.19973544973544974 0.10218253968253968 0.10317460317460317
11 0.2222222222222222 0.24338624338624337 0.031746031746031744 0.0291005291005291
11 0.29365079365079366 0.28835978835978837 0.020833333333333332 0.03835978835978836
11 0.24603174603174602 0.3187830687830688 0.026785714285714284 0.0291005291005291
11 0.24206349206349206 0.291005291005291 0.015873015873015872 0.027777777777777776
10 0.21428571428571427 0.31746031746031744 0.03571428571428571 0.04894179894179894
10 0.2906746031746032 0.328042328042328 0.025793650793650792 0.04894179894179894
10 0.2509920634920635 0.25793650793650796 0.03373015873015873 0.03968253968253968
10 0.26884920634920634 0.28835978835978837 0.0496031746031746 0.047619047619047616
10 0.26884920634920634 0.31746031746031744 0.021825396825396824 0.02513227513227513