2 0.3392857142857143 0.17195767195767195 0.12797619047619047 0.05026455026455026
0 0.10515873015873016 0.3333333333333333 0.17063492063492064 0.20105820105820105
1 0.3630952380952381 0.23412698412698413 0.12698412698412698 0.1984126984126984
3 0.09623015873015874 0.15211640211640212 0.10912698412698413 0.12962962962962962
11 0.2986111111111111 0.2156084656084656 0.02976190476190476 0.03439153439153439
11 0.1984126984126984 0.22354497354497355 0.03273809523809524 0.03968253968253968
11 0.2400793650793651 0.26851851851851855 0.031746031746031744 0.05026455026455026
11 0.20238095238095238 0.3029100529100529 0.034722222222222224 0.03968253968253968
11 0.2261904761904762 0.3333333333333333 0.026785714285714284 0.03835978835978836
10 0.23015873015873015 0.2275132275132275 0.0496031746031746 0.02513227513227513
10 0.17857142857142858 0.32275132275132273 0.020833333333333332 0.06746031746031746
10 0.21031746031746032 0.3253968253968254 0.04265873015873016 0.05952380952380952
10 0.24404761904761904 0.373015873015873 0.031746031746031744 0.08597883597883597
10 0.25396825396825395 0.3029100529100529 0.04861111111111111 0.06084656084656084