2 0.41964285714285715 0.3148148148148148 0.03968253968253968 0.21031746031746032
0 0.10119047619047619 0.2843915343915344 0.04365079365079365 0.2566137566137566
1 0.38492063492063494 0.30423280423280424 0.044642857142857144 0.2605820105820106
3 0.4107142857142857 0.08597883597883597 0.10714285714285714 0.1455026455026455
10 0.24305555555555555 0.335978835978836 0.023809523809523808 0.03571428571428571
10 0.2926587301587302 0.2698412698412698 0.02976190476190476 0.04894179894179894
10 0.26091269841269843 0.294973544973545 0.03373015873015873 0.031746031746031744
10 0.2777777777777778 0.2724867724867725 0.034722222222222224 0.05291005291005291
9 0.25992063492063494 0.22354497354497355 0.05654761904761905 0.023809523809523808
9 0.23214285714285715 0.3055555555555556 0.03571428571428571 0.10317460317460317
9 0.2777777777777778 0.33994708994708994 0.060515873015873016 0.06084656084656084