2 0.30952380952380953 0.2619047619047619 0.12202380952380952 0.14814814814814814
0 0.12896825396825398 0.31084656084656087 0.14186507936507936 0.22486772486772486
1 0.37896825396825395 0.25 0.13988095238095238 0.18783068783068782
3 0.4027777777777778 0.1349206349206349 0.09424603174603174 0.1388888888888889
10 0.2777777777777778 0.1970899470899471 0.01984126984126984 0.026455026455026454
10 0.2013888888888889 0.20899470899470898 0.021825396825396824 0.031746031746031744
10 0.20238095238095238 0.35714285714285715 0.023809523809523808 0.05291005291005291
10 0.22123015873015872 0.26587301587301587 0.02976190476190476 0.031746031746031744
10 0.2261904761904762 0.2857142857142857 0.022817460317460316 0.04365079365079365
10 0.23313492063492064 0.26587301587301587 0.02976190476190476 0.03439153439153439
9 0.19642857142857142 0.23412698412698413 0.026785714285714284 0.05555555555555555
9 0.2371031746031746 0.23941798941798942 0.06944444444444445 0.023809523809523808
9 0.1736111111111111 0.34656084656084657 0.037698412698412696 0.06878306878306878
9 0.25396825396825395 0.2830687830687831 0.03571428571428571 0.06746031746031746
9 0.20436507936507936 0.32142857142857145 0.06746031746031746 0.03439153439153439