2 0.29365079365079366 0.2619047619047619 0.14186507936507936 0.11772486772486772
0 0.13095238095238096 0.294973544973545 0.16567460317460317 0.10846560846560846
1 0.34523809523809523 0.22354497354497355 0.13690476190476192 0.2037037037037037
3 0.08928571428571429 0.18253968253968253 0.1111111111111111 0.10582010582010581
11 0.27380952380952384 0.21296296296296297 0.028769841269841268 0.03439153439153439
11 0.21428571428571427 0.28174603174603174 0.027777777777777776 0.03968253968253968
11 0.22420634920634921 0.2962962962962963 0.023809523809523808 0.03306878306878307
11 0.1884920634920635 0.3492063492063492 0.027777777777777776 0.037037037037037035
11 0.21825396825396826 0.36904761904761907 0.026785714285714284 0.0291005291005291
11 0.2123015873015873 0.3373015873015873 0.04365079365079365 0.0291005291005291
10 0.24206349206349206 0.294973544973545 0.03968253968253968 0.06613756613756613
10 0.17261904761904762 0.3505291005291005 0.04662698412698413 0.08465608465608465
10 0.20634920634920634 0.36772486772486773 0.04265873015873016 0.037037037037037035
10 0.2261904761904762 0.37433862433862436 0.03670634920634921 0.07671957671957672