2 0.3005952380952381 0.21825396825396826 0.14484126984126985 0.082010582010582
0 0.1488095238095238 0.27645502645502645 0.19444444444444445 0.0873015873015873
1 0.30257936507936506 0.3531746031746032 0.025793650793650792 0.2619047619047619
3 0.1111111111111111 0.16666666666666666 0.10714285714285714 0.12566137566137567
11 0.20833333333333334 0.2222222222222222 0.03670634920634921 0.031746031746031744
11 0.2876984126984127 0.2698412698412698 0.015873015873015872 0.042328042328042326
11 0.23214285714285715 0.27645502645502645 0.028769841269841268 0.0291005291005291
11 0.24107142857142858 0.2976190476190476 0.037698412698412696 0.03968253968253968
10 0.19940476190476192 0.29894179894179895 0.041666666666666664 0.05291005291005291
10 0.27976190476190477 0.31216931216931215 0.028769841269841268 0.051587301587301584
10 0.2619047619047619 0.27380952380952384 0.047619047619047616 0.05026455026455026
10 0.24206349206349206 0.23809523809523808 0.03571428571428571 0.042328042328042326