2 0.2986111111111111 0.23544973544973544 0.1527777777777778 0.08068783068783068
0 0.16071428571428573 0.2962962962962963 0.16567460317460317 0.08465608465608465
1 0.29662698412698413 0.3716931216931217 0.025793650793650792 0.2566137566137566
3 0.11706349206349206 0.1984126984126984 0.09722222222222222 0.10449735449735449
11 0.20833333333333334 0.24603174603174602 0.030753968253968252 0.031746031746031744
11 0.27976190476190477 0.291005291005291 0.023809523809523808 0.037037037037037035
11 0.24404761904761904 0.3201058201058201 0.015873015873015872 0.026455026455026454
11 0.22817460317460317 0.291005291005291 0.023809523809523808 0.031746031746031744
11 0.23313492063492064 0.3201058201058201 0.025793650793650792 0.03306878306878307
10 0.1984126984126984 0.3187830687830688 0.03571428571428571 0.05026455026455026
10 0.2757936507936508 0.3306878306878307 0.026785714285714284 0.047619047619047616
10 0.2371031746031746 0.25925925925925924 0.03373015873015873 0.042328042328042326
10 0.25396825396825395 0.291005291005291 0.050595238095238096 0.046296296296296294
10 0.25496031746031744 0.3201058201058201 0.023809523809523808 0.031746031746031744