2 0.29563492063492064 0.21693121693121692 0.1527777777777778 0.08333333333333333
0 0.1359126984126984 0.2777777777777778 0.20436507936507936 0.08994708994708994
1 0.2976190476190476 0.3584656084656085 0.027777777777777776 0.2671957671957672
3 0.4007936507936508 0.0873015873015873 0.1111111111111111 0.14814814814814814
10 0.2003968253968254 0.2222222222222222 0.03968253968253968 0.03306878306878307
10 0.28174603174603174 0.27380952380952384 0.020833333333333332 0.03968253968253968
10 0.2361111111111111 0.2962962962962963 0.047619047619047616 0.037037037037037035
10 0.22123015873015872 0.2751322751322751 0.027777777777777776 0.041005291005291
9 0.1884920634920635 0.3002645502645503 0.040674603174603176 0.05555555555555555
9 0.27380952380952384 0.3148148148148148 0.031746031746031744 0.04894179894179894
9 0.23313492063492064 0.23809523809523808 0.037698412698412696 0.04365079365079365
9 0.25595238095238093 0.2751322751322751 0.05654761904761905 0.042328042328042326