2 0.2509920634920635 0.2275132275132275 0.12698412698412698 0.07936507936507936
0 0.11706349206349206 0.2923280423280423 0.12996031746031747 0.12433862433862433
1 0.3273809523809524 0.21957671957671956 0.1259920634920635 0.18121693121693122
3 0.30357142857142855 0.3148148148148148 0.08432539682539683 0.10714285714285714
10 0.23214285714285715 0.1917989417989418 0.020833333333333332 0.0291005291005291
10 0.19345238095238096 0.26851851851851855 0.027777777777777776 0.03968253968253968
10 0.1984126984126984 0.335978835978836 0.018849206349206348 0.031746031746031744
10 0.1746031746031746 0.328042328042328 0.018849206349206348 0.027777777777777776
10 0.19345238095238096 0.3082010582010582 0.03373015873015873 0.0291005291005291
9 0.2113095238095238 0.27380952380952384 0.025793650793650792 0.07142857142857142
9 0.15873015873015872 0.32936507936507936 0.03571428571428571 0.06613756613756613
9 0.1865079365079365 0.3412698412698413 0.031746031746031744 0.04365079365079365
9 0.20734126984126985 0.3439153439153439 0.02976190476190476 0.06878306878306878