2 0.32936507936507936 0.21957671957671956 0.15178571428571427 0.1111111111111111
0 0.17857142857142858 0.2777777777777778 0.19345238095238096 0.08333333333333333
1 0.3323412698412698 0.3412698412698413 0.025793650793650792 0.26455026455026454
3 0.12896825396825398 0.167989417989418 0.11408730158730158 0.11904761904761904
11 0.23511904761904762 0.21693121693121692 0.03373015873015873 0.03306878306878307
11 0.3194444444444444 0.2698412698412698 0.018849206349206348 0.03439153439153439
11 0.25793650793650796 0.2751322751322751 0.022817460317460316 0.026455026455026454
11 0.2718253968253968 0.29894179894179895 0.03968253968253968 0.031746031746031744
10 0.22718253968253968 0.29894179894179895 0.037698412698412696 0.051587301587301584
10 0.26785714285714285 0.23544973544973544 0.03968253968253968 0.051587301587301584
10 0.2876984126984127 0.2671957671957672 0.05357142857142857 0.037037037037037035
10 0.30952380952380953 0.30952380952380953 0.03273809523809524 0.051587301587301584