2 0.29464285714285715 0.2275132275132275 0.15873015873015872 0.08465608465608465
0 0.1388888888888889 0.28835978835978837 0.20634920634920634 0.08994708994708994
1 0.3005952380952381 0.3664021164021164 0.03373015873015873 0.26455026455026454
3 0.39880952380952384 0.09391534391534391 0.10317460317460317 0.1455026455026455
11 0.1984126984126984 0.23015873015873015 0.034722222222222224 0.03042328042328042
11 0.23214285714285715 0.30952380952380953 0.030753968253968252 0.041005291005291
11 0.2222222222222222 0.2857142857142857 0.0248015873015873 0.03571428571428571
11 0.2837301587301587 0.28835978835978837 0.015873015873015872 0.03306878306878307
10 0.1884920634920635 0.31216931216931215 0.04265873015873016 0.05423280423280423
10 0.23214285714285715 0.24867724867724866 0.03968253968253968 0.05026455026455026
10 0.25396825396825395 0.2830687830687831 0.054563492063492064 0.047619047619047616
10 0.2767857142857143 0.3253968253968254 0.02976190476190476 0.051587301587301584
10 0.2509920634920635 0.3148148148148148 0.02976190476190476 0.02513227513227513