2 0.3253968253968254 0.25925925925925924 0.13690476190476192 0.10978835978835978
0 0.1488095238095238 0.2857142857142857 0.1984126984126984 0.0992063492063492
1 0.36507936507936506 0.23677248677248677 0.12400793650793651 0.18253968253968253
3 0.11706349206349206 0.16137566137566137 0.09821428571428571 0.12698412698412698
11 0.30456349206349204 0.21825396825396826 0.027777777777777776 0.03439153439153439
11 0.24603174603174602 0.2777777777777778 0.028769841269841268 0.031746031746031744
11 0.25396825396825395 0.2923280423280423 0.0248015873015873 0.03968253968253968
11 0.21428571428571427 0.34523809523809523 0.023809523809523808 0.04497354497354497
11 0.2490079365079365 0.36507936507936506 0.02976190476190476 0.03042328042328042
11 0.23214285714285715 0.3333333333333333 0.023809523809523808 0.03571428571428571
11 0.24801587301587302 0.328042328042328 0.031746031746031744 0.03306878306878307
10 0.2728174603174603 0.29894179894179895 0.031746031746031744 0.07407407407407407
10 0.1984126984126984 0.3187830687830688 0.051587301587301584 0.0291005291005291
10 0.2003968253968254 0.36243386243386244 0.031746031746031744 0.06349206349206349
10 0.2569444444444444 0.37037037037037035 0.041666666666666664 0.08068783068783068
10 0.23115079365079366 0.35978835978835977 0.05357142857142857 0.041005291005291