2 0.4246031746031746 0.335978835978836 0.03670634920634921 0.20238095238095238
0 0.12301587301587301 0.30423280423280424 0.04365079365079365 0.24338624338624337
1 0.39087301587301587 0.328042328042328 0.034722222222222224 0.24735449735449735
3 0.42063492063492064 0.11904761904761904 0.10615079365079365 0.12037037037037036
11 0.2569444444444444 0.3558201058201058 0.021825396825396824 0.03439153439153439
11 0.2996031746031746 0.30158730158730157 0.034722222222222224 0.05291005291005291
11 0.27976190476190477 0.3201058201058201 0.044642857142857144 0.02513227513227513
11 0.28869047619047616 0.29894179894179895 0.037698412698412696 0.06878306878306878
10 0.2708333333333333 0.24867724867724866 0.0496031746031746 0.027777777777777776
10 0.24305555555555555 0.3253968253968254 0.02976190476190476 0.10185185185185185
10 0.2857142857142857 0.36243386243386244 0.05654761904761905 0.05291005291005291