2 0.29365079365079366 0.21164021164021163 0.14186507936507936 0.0992063492063492
0 0.12202380952380952 0.2724867724867725 0.18452380952380953 0.13624338624338625
1 0.36507936507936506 0.21164021164021163 0.12698412698412698 0.19047619047619047
3 0.37896825396825395 0.2976190476190476 0.09821428571428571 0.11375661375661375
11 0.2708333333333333 0.17063492063492064 0.02976190476190476 0.03439153439153439
11 0.22023809523809523 0.25 0.03373015873015873 0.042328042328042326
11 0.1984126984126984 0.31216931216931215 0.031746031746031744 0.047619047619047616
11 0.22817460317460317 0.32407407407407407 0.023809523809523808 0.03439153439153439
11 0.22420634920634921 0.291005291005291 0.03273809523809524 0.03306878306878307
10 0.24503968253968253 0.2605820105820106 0.02976190476190476 0.07671957671957672
10 0.2371031746031746 0.3306878306878307 0.03373015873015873 0.08068783068783068
10 0.1746031746031746 0.3201058201058201 0.04365079365079365 0.0873015873015873
10 0.21031746031746032 0.3333333333333333 0.051587301587301584 0.0582010582010582