5 0.4384920634920635 0.5224867724867724 0.06845238095238096 0.07936507936507936
5 0.5198412698412699 0.3783068783068783 0.06746031746031746 0.08333333333333333
5 0.6785714285714286 0.47354497354497355 0.06349206349206349 0.06746031746031746
5 0.6369047619047619 0.5925925925925926 0.09027777777777778 0.0992063492063492
5 0.5307539682539683 0.6322751322751323 0.06547619047619048 0.06613756613756613
4 0.44841269841269843 0.4074074074074074 0.07539682539682539 0.1335978835978836
4 0.5138888888888888 0.31216931216931215 0.08531746031746032 0.05026455026455026
4 0.7003968253968254 0.578042328042328 0.060515873015873016 0.1349206349206349
4 0.5615079365079365 0.4576719576719577 0.12797619047619047 0.0701058201058201
4 0.5634920634920635 0.5767195767195767 0.05654761904761905 0.03835978835978836
3 0.8015873015873016 0.14417989417989419 0.1865079365079365 0.28835978835978837
0 0.4126984126984127 0.6759259259259259 0.3005952380952381 0.35978835978835977
1 0.7658730158730159 0.421957671957672 0.39087301587301587 0.18518518518518517
2 0.2698412698412698 0.5846560846560847 0.2698412698412698 0.2526455026455027
6 0.4176587301587302 0.43915343915343913 0.023809523809523808 0.03042328042328042
6 0.44742063492063494 0.414021164021164 0.015873015873015872 0.0291005291005291
6 0.7043650793650794 0.5873015873015873 0.020833333333333332 0.027777777777777776