5 0.5218253968253969 0.6547619047619048 0.04662698412698413 0.08465608465608465
5 0.40674603174603174 0.5793650793650794 0.057539682539682536 0.0701058201058201
5 0.503968253968254 0.4365079365079365 0.060515873015873016 0.08597883597883597
5 0.4603174603174603 0.5621693121693122 0.040674603174603176 0.07142857142857142
5 0.5992063492063492 0.6534391534391535 0.08035714285714286 0.09523809523809523
4 0.5535714285714286 0.5476190476190477 0.13293650793650794 0.12301587301587301
4 0.44246031746031744 0.4656084656084656 0.057539682539682536 0.10714285714285714
4 0.4444444444444444 0.6388888888888888 0.09226190476190477 0.06084656084656084
4 0.6686507936507936 0.6587301587301587 0.04365079365079365 0.06746031746031746
3 0.15079365079365079 0.17592592592592593 0.20337301587301587 0.2698412698412698
0 0.34523809523809523 0.2777777777777778 0.3601190476190476 0.2261904761904762
1 0.7450396825396826 0.4708994708994709 0.4107142857142857 0.17989417989417988
2 0.2400793650793651 0.6706349206349206 0.2847222222222222 0.31746031746031744