5 0.5148809523809523 0.41798941798941797 0.07142857142857142 0.09126984126984126
5 0.4246031746031746 0.5582010582010583 0.054563492063492064 0.07804232804232804
5 0.4791666666666667 0.5423280423280423 0.05357142857142857 0.0701058201058201
5 0.5307539682539683 0.6375661375661376 0.05357142857142857 0.08994708994708994
5 0.6081349206349206 0.6362433862433863 0.08333333333333333 0.09523809523809523
4 0.45436507936507936 0.4417989417989418 0.047619047619047616 0.11375661375661375
4 0.5833333333333334 0.5277777777777778 0.1527777777777778 0.1164021164021164
4 0.6795634920634921 0.6349206349206349 0.05357142857142857 0.08465608465608465
4 0.48115079365079366 0.6137566137566137 0.041666666666666664 0.06613756613756613
3 0.17261904761904762 0.16005291005291006 0.2013888888888889 0.2671957671957672
0 0.3621031746031746 0.2566137566137566 0.3373015873015873 0.2208994708994709
1 0.7549603174603174 0.4576719576719577 0.39880952380952384 0.2037037037037037
2 0.2619047619047619 0.6322751322751323 0.2767857142857143 0.2605820105820106
6 0.4146825396825397 0.48412698412698413 0.026785714285714284 0.03835978835978836
6 0.4444444444444444 0.455026455026455 0.028769841269841268 0.04497354497354497