5 0.4523809523809524 0.5661375661375662 0.06448412698412699 0.08597883597883597
5 0.5436507936507936 0.6772486772486772 0.05853174603174603 0.09523809523809523
5 0.6448412698412699 0.6428571428571429 0.07837301587301587 0.10978835978835978
5 0.6865079365079365 0.5238095238095238 0.06448412698412699 0.07407407407407407
5 0.5297619047619048 0.42592592592592593 0.06746031746031746 0.08862433862433862
4 0.4583333333333333 0.4497354497354497 0.06547619047619048 0.10846560846560846
4 0.7013888888888888 0.6243386243386243 0.061507936507936505 0.12433862433862433
4 0.5773809523809523 0.6137566137566137 0.05654761904761905 0.06613756613756613
4 0.5734126984126984 0.5013227513227513 0.10515873015873016 0.05555555555555555
4 0.4444444444444444 0.6322751322751323 0.05952380952380952 0.056878306878306875
3 0.7966269841269841 0.20105820105820105 0.1884920634920635 0.26587301587301587
0 0.4176587301587302 0.7301587301587301 0.2896825396825397 0.38227513227513227
1 0.7718253968253969 0.47619047619047616 0.39186507936507936 0.1984126984126984
2 0.2847222222222222 0.6296296296296297 0.2698412698412698 0.2328042328042328
6 0.4305555555555556 0.48677248677248675 0.026785714285714284 0.03571428571428571