5 0.6706349206349206 0.544973544973545 0.05654761904761905 0.06746031746031746
5 0.5416666666666666 0.5793650793650794 0.057539682539682536 0.08597883597883597
5 0.5089285714285714 0.6150793650793651 0.047619047619047616 0.07407407407407407
5 0.5406746031746031 0.7037037037037037 0.051587301587301584 0.06878306878306878
5 0.6031746031746031 0.6031746031746031 0.06349206349206349 0.11375661375661375
4 0.44543650793650796 0.6084656084656085 0.07142857142857142 0.08862433862433862
4 0.6805555555555556 0.6415343915343915 0.08531746031746032 0.12169312169312169
4 0.5942460317460317 0.5 0.06349206349206349 0.07804232804232804
3 0.7817460317460317 0.23015873015873015 0.1875 0.2447089947089947
0 0.32242063492063494 0.7936507936507936 0.31746031746031744 0.2896825396825397
1 0.7638888888888888 0.49074074074074076 0.38293650793650796 0.19576719576719576
2 0.3601190476190476 0.3544973544973545 0.20238095238095238 0.24867724867724866
6 0.6964285714285714 0.6481481481481481 0.026785714285714284 0.026455026455026454