5 0.4444444444444444 0.5833333333333334 0.06646825396825397 0.0873015873015873
5 0.5376984126984127 0.6957671957671958 0.05357142857142857 0.07671957671957672
5 0.6369047619047619 0.6626984126984127 0.07837301587301587 0.10052910052910052
5 0.6775793650793651 0.5423280423280423 0.057539682539682536 0.0701058201058201
5 0.5257936507936508 0.4523809523809524 0.06646825396825397 0.082010582010582
4 0.4513888888888889 0.4708994708994709 0.07142857142857142 0.11904761904761904
4 0.5615079365079365 0.5264550264550265 0.1359126984126984 0.0582010582010582
4 0.503968253968254 0.5793650793650794 0.05654761904761905 0.037037037037037035
4 0.6984126984126984 0.6455026455026455 0.05257936507936508 0.12433862433862433
4 0.5238095238095238 0.3888888888888889 0.0763888888888889 0.05423280423280423
4 0.4384920634920635 0.6534391534391535 0.050595238095238096 0.06084656084656084
3 0.7916666666666666 0.22486772486772486 0.1875 0.25925925925925924
0 0.40674603174603174 0.7579365079365079 0.3263888888888889 0.373015873015873
1 0.7658730158730159 0.4894179894179894 0.39880952380952384 0.21164021164021163
2 0.2748015873015873 0.6468253968253969 0.2698412698412698 0.2328042328042328
6 0.4226190476190476 0.5079365079365079 0.020833333333333332 0.03571428571428571