5 0.6071428571428571 0.6402116402116402 0.08531746031746032 0.09523809523809523
5 0.5297619047619048 0.6362433862433863 0.05555555555555555 0.09523809523809523
5 0.5109126984126984 0.42328042328042326 0.06944444444444445 0.09126984126984126
5 0.41865079365079366 0.5582010582010583 0.057539682539682536 0.0701058201058201
5 0.4742063492063492 0.541005291005291 0.054563492063492064 0.06613756613756613
4 0.47619047619047616 0.6190476190476191 0.05257936507936508 0.082010582010582
4 0.5714285714285714 0.5158730158730159 0.13690476190476192 0.08597883597883597
4 0.4513888888888889 0.4470899470899471 0.04563492063492063 0.10846560846560846
4 0.5168650793650794 0.3544973544973545 0.06944444444444445 0.042328042328042326
4 0.6765873015873016 0.6349206349206349 0.047619047619047616 0.08465608465608465
4 0.42063492063492064 0.6243386243386243 0.057539682539682536 0.051587301587301584
3 0.16468253968253968 0.15608465608465608 0.20634920634920634 0.27116402116402116
0 0.35615079365079366 0.2671957671957672 0.3531746031746032 0.20767195767195767
1 0.7609126984126984 0.4417989417989418 0.4126984126984127 0.20502645502645503
2 0.25297619047619047 0.6349206349206349 0.27380952380952384 0.28174603174603174
6 0.4087301587301587 0.48412698412698413 0.028769841269841268 0.03835978835978836