5 0.44841269841269843 0.5105820105820106 0.0625 0.07539682539682539
5 0.5277777777777778 0.3783068783068783 0.06448412698412699 0.10185185185185185
5 0.6765873015873016 0.46825396825396826 0.06349206349206349 0.0701058201058201
5 0.5317460317460317 0.6018518518518519 0.044642857142857144 0.047619047619047616
5 0.626984126984127 0.5648148148148148 0.05853174603174603 0.031746031746031744
4 0.4603174603174603 0.4021164021164021 0.07341269841269842 0.12301587301587301
4 0.6825396825396826 0.544973544973545 0.06746031746031746 0.06481481481481481
4 0.5714285714285714 0.5674603174603174 0.044642857142857144 0.03968253968253968
4 0.5634920634920635 0.45105820105820105 0.10416666666666667 0.0582010582010582
3 0.6121031746031746 0.6957671957671958 0.16666666666666666 0.23412698412698413
0 0.4246031746031746 0.6759259259259259 0.2906746031746032 0.35185185185185186
1 0.7678571428571429 0.41005291005291006 0.4017857142857143 0.2208994708994709
2 0.2906746031746032 0.5648148148148148 0.251984126984127 0.23015873015873015
6 0.42857142857142855 0.4365079365079365 0.021825396825396824 0.03968253968253968