5 0.5555555555555556 0.6375661375661376 0.05853174603174603 0.0701058201058201
5 0.5972222222222222 0.6944444444444444 0.057539682539682536 0.09259259259259259
5 0.6646825396825397 0.5026455026455027 0.05257936507936508 0.09259259259259259
4 0.5813492063492064 0.5343915343915344 0.10813492063492064 0.13095238095238096
4 0.6488095238095238 0.6005291005291006 0.12003968253968254 0.08068783068783068
4 0.6795634920634921 0.6626984126984127 0.04365079365079365 0.03968253968253968
3 0.1984126984126984 0.16666666666666666 0.19345238095238096 0.26455026455026454
0 0.37896825396825395 0.2698412698412698 0.35813492063492064 0.21428571428571427
1 0.8253968253968254 0.5925925925925926 0.0873015873015873 0.5238095238095238
2 0.30257936507936506 0.671957671957672 0.09325396825396826 0.41798941798941797
6 0.49603174603174605 0.5211640211640212 0.03571428571428571 0.03439153439153439