5 0.4494047619047619 0.5687830687830688 0.06349206349206349 0.07142857142857142
5 0.5456349206349206 0.6865079365079365 0.05853174603174603 0.07407407407407407
5 0.5238095238095238 0.42857142857142855 0.06646825396825397 0.09788359788359788
5 0.683531746031746 0.5224867724867724 0.06349206349206349 0.06878306878306878
5 0.6369047619047619 0.6534391534391535 0.08234126984126984 0.07804232804232804
4 0.4642857142857143 0.4656084656084656 0.05357142857142857 0.13227513227513227
4 0.6865079365079365 0.5859788359788359 0.09623015873015874 0.05555555555555555
4 0.5952380952380952 0.6005291005291006 0.047619047619047616 0.0291005291005291
4 0.5257936507936508 0.3611111111111111 0.06845238095238096 0.03968253968253968
4 0.5029761904761905 0.5476190476190477 0.041666666666666664 0.03835978835978836
4 0.44246031746031744 0.6349206349206349 0.041666666666666664 0.05291005291005291
3 0.19444444444444445 0.1746031746031746 0.1974206349206349 0.27116402116402116
0 0.42956349206349204 0.7354497354497355 0.31547619047619047 0.4074074074074074
1 0.7559523809523809 0.46825396825396826 0.3878968253968254 0.1917989417989418
2 0.2777777777777778 0.6402116402116402 0.27976190476190477 0.26322751322751325
6 0.42658730158730157 0.4894179894179894 0.020833333333333332 0.03968253968253968
6 0.7033730158730159 0.6256613756613757 0.023809523809523808 0.026455026455026454