5 0.5773809523809523 0.6058201058201058 0.07242063492063493 0.10714285714285714
5 0.5119047619047619 0.6031746031746031 0.06646825396825397 0.08068783068783068
5 0.47619047619047616 0.6322751322751323 0.034722222222222224 0.07539682539682539
5 0.5099206349206349 0.7222222222222222 0.060515873015873016 0.07539682539682539
5 0.6547619047619048 0.5555555555555556 0.05853174603174603 0.07142857142857142
4 0.6607142857142857 0.656084656084656 0.09027777777777778 0.12566137566137567
4 0.5674603174603174 0.5079365079365079 0.06448412698412699 0.08862433862433862
3 0.7748015873015873 0.2222222222222222 0.19642857142857142 0.26322751322751325
0 0.27380952380952384 0.8227513227513228 0.37797619047619047 0.32936507936507936
1 0.7380952380952381 0.5105820105820106 0.3958333333333333 0.21164021164021163
2 0.3194444444444444 0.35185185185185186 0.19940476190476192 0.26322751322751325
18 0.6785714285714286 0.667989417989418 0.0248015873015873 0.03968253968253968