5 0.623015873015873 0.6468253968253969 0.06746031746031746 0.09788359788359788
5 0.5674603174603174 0.7777777777777778 0.05654761904761905 0.082010582010582
5 0.5029761904761905 0.5317460317460317 0.061507936507936505 0.08862433862433862
5 0.503968253968254 0.4193121693121693 0.06845238095238096 0.10582010582010581
5 0.5575396825396826 0.44312169312169314 0.03273809523809524 0.07407407407407407
4 0.5873015873015873 0.5423280423280423 0.09424603174603174 0.10714285714285714
4 0.6071428571428571 0.41798941798941797 0.05257936507936508 0.14153439153439154
4 0.5615079365079365 0.37037037037037035 0.037698412698412696 0.062169312169312166
3 0.8273809523809523 0.2275132275132275 0.21924603174603174 0.2208994708994709
0 0.37202380952380953 0.7314814814814815 0.3948412698412698 0.25396825396825395
1 0.7777777777777778 0.5595238095238095 0.2896825396825397 0.3439153439153439
2 0.3412698412698413 0.3637566137566138 0.18551587301587302 0.3915343915343915