5 0.5793650793650794 0.6137566137566137 0.050595238095238096 0.07804232804232804
5 0.6200396825396826 0.6759259259259259 0.05952380952380952 0.09523809523809523
5 0.6865079365079365 0.47883597883597884 0.06448412698412699 0.10185185185185185
4 0.5992063492063492 0.5145502645502645 0.10317460317460317 0.11904761904761904
4 0.6369047619047619 0.5978835978835979 0.04662698412698413 0.042328042328042326
4 0.691468253968254 0.5978835978835979 0.06944444444444445 0.14417989417989419
3 0.21626984126984128 0.13756613756613756 0.1875 0.26587301587301587
0 0.4007936507936508 0.23544973544973544 0.3501984126984127 0.19444444444444445
1 0.8601190476190477 0.5714285714285714 0.09722222222222222 0.5317460317460317
2 0.31746031746031744 0.6468253968253969 0.08035714285714286 0.42857142857142855
18 0.5158730158730159 0.49603174603174605 0.027777777777777776 0.042328042328042326