5 0.4880952380952381 0.4246031746031746 0.0625 0.07936507936507936
5 0.4781746031746032 0.5158730158730159 0.05853174603174603 0.08068783068783068
5 0.626984126984127 0.5621693121693122 0.06845238095238096 0.08465608465608465
5 0.5486111111111112 0.41798941798941797 0.051587301587301584 0.04365079365079365
5 0.5476190476190477 0.5608465608465608 0.06448412698412699 0.046296296296296294
4 0.5873015873015873 0.48677248677248675 0.15079365079365079 0.07407407407407407
4 0.5515873015873016 0.5 0.07837301587301587 0.07407407407407407
3 0.8313492063492064 0.19576719576719576 0.20535714285714285 0.2552910052910053
0 0.28273809523809523 0.753968253968254 0.34523809523809523 0.27380952380952384
1 0.7936507936507936 0.5608465608465608 0.33630952380952384 0.36507936507936506
2 0.34523809523809523 0.38227513227513227 0.14682539682539683 0.38095238095238093
18 0.6488095238095238 0.6878306878306878 0.030753968253968252 0.03439153439153439