1 0.7113095238095238 0.46296296296296297 0.2996031746031746 0.14153439153439154
0 0.2767857142857143 0.5079365079365079 0.2857142857142857 0.46164021164021163
3 0.2767857142857143 0.8571428571428571 0.19642857142857142 0.26322751322751325
8 0.5218253968253969 0.34656084656084657 0.050595238095238096 0.08068783068783068
8 0.48214285714285715 0.37037037037037035 0.047619047619047616 0.06746031746031746
8 0.38293650793650796 0.5105820105820106 0.050595238095238096 0.06613756613756613
8 0.5714285714285714 0.5343915343915344 0.03968253968253968 0.06878306878306878
7 0.5099206349206349 0.4973544973544973 0.047619047619047616 0.07539682539682539
7 0.5357142857142857 0.5925925925925926 0.05257936507936508 0.0701058201058201
7 0.4871031746031746 0.5925925925925926 0.03373015873015873 0.05952380952380952
7 0.5158730158730159 0.6322751322751323 0.03571428571428571 0.046296296296296294
7 0.3531746031746032 0.4603174603174603 0.054563492063492064 0.06878306878306878
6 0.4007936507936508 0.42328042328042326 0.03869047619047619 0.11375661375661375
6 0.44246031746031744 0.4947089947089947 0.040674603174603176 0.17063492063492064
6 0.49404761904761907 0.43386243386243384 0.06646825396825397 0.051587301587301584
6 0.47023809523809523 0.4933862433862434 0.03670634920634921 0.082010582010582