1 0.7142857142857143 0.58994708994709 0.09126984126984126 0.4642857142857143
0 0.5317460317460317 0.8306878306878307 0.34226190476190477 0.07936507936507936
3 0.8373015873015873 0.25 0.18948412698412698 0.21957671957671956
8 0.560515873015873 0.455026455026455 0.04365079365079365 0.05952380952380952
8 0.501984126984127 0.5211640211640212 0.04265873015873016 0.06349206349206349
8 0.5575396825396826 0.6190476190476191 0.04265873015873016 0.06349206349206349
7 0.5158730158730159 0.43915343915343913 0.05257936507936508 0.07671957671957672
7 0.5932539682539683 0.5555555555555556 0.040674603174603176 0.056878306878306875
7 0.5357142857142857 0.5714285714285714 0.041666666666666664 0.062169312169312166
7 0.5744047619047619 0.49206349206349204 0.0496031746031746 0.04497354497354497
7 0.49603174603174605 0.5978835978835979 0.03869047619047619 0.056878306878306875
6 0.4236111111111111 0.4880952380952381 0.11904761904761904 0.21693121693121692