1 0.7103174603174603 0.656084656084656 0.3244047619047619 0.27645502645502645
0 0.25396825396825395 0.5370370370370371 0.2748015873015873 0.42328042328042326
3 0.21329365079365079 0.8187830687830688 0.19444444444444445 0.24603174603174602
8 0.4236111111111111 0.66005291005291 0.051587301587301584 0.07407407407407407
8 0.5496031746031746 0.44047619047619047 0.041666666666666664 0.07407407407407407
8 0.5515873015873016 0.36507936507936506 0.050595238095238096 0.06349206349206349
8 0.4087301587301587 0.36507936507936506 0.04265873015873016 0.062169312169312166
7 0.44841269841269843 0.33201058201058203 0.05357142857142857 0.07407407407407407
7 0.5099206349206349 0.5621693121693122 0.06448412698412699 0.07936507936507936
7 0.375 0.4947089947089947 0.051587301587301584 0.07275132275132275
7 0.5972222222222222 0.41534391534391535 0.0496031746031746 0.0701058201058201
7 0.36507936507936506 0.5992063492063492 0.04265873015873016 0.07142857142857142
6 0.47023809523809523 0.4298941798941799 0.08234126984126984 0.12698412698412698
6 0.4027777777777778 0.43915343915343913 0.05257936507936508 0.08862433862433862