1 0.6517857142857143 0.6997354497354498 0.37896825396825395 0.29365079365079366
0 0.24206349206349206 0.5661375661375662 0.20634920634920634 0.32936507936507936
3 0.1984126984126984 0.8253968253968254 0.19940476190476192 0.1984126984126984
8 0.376984126984127 0.6970899470899471 0.044642857142857144 0.06613756613756613
8 0.4871031746031746 0.48412698412698413 0.04563492063492063 0.06613756613756613
8 0.48908730158730157 0.41005291005291006 0.047619047619047616 0.06613756613756613
8 0.35912698412698413 0.4193121693121693 0.02976190476190476 0.047619047619047616
7 0.5327380952380952 0.4497354497354497 0.041666666666666664 0.06613756613756613
7 0.39087301587301587 0.38492063492063494 0.05257936507936508 0.06878306878306878
7 0.4513888888888889 0.5925925925925926 0.047619047619047616 0.06878306878306878
7 0.3273809523809524 0.544973544973545 0.03571428571428571 0.05555555555555555
6 0.42063492063492064 0.4708994708994709 0.04662698412698413 0.12301587301587301
6 0.36904761904761907 0.48677248677248675 0.050595238095238096 0.10846560846560846