1 0.7113095238095238 0.5978835978835979 0.10912698412698413 0.4828042328042328
0 0.5238095238095238 0.8650793650793651 0.3819444444444444 0.09391534391534391
3 0.8134920634920635 0.22486772486772486 0.18353174603174602 0.25132275132275134
8 0.5386904761904762 0.6190476190476191 0.051587301587301584 0.06878306878306878
8 0.47619047619047616 0.5132275132275133 0.03968253968253968 0.06746031746031746
8 0.5436507936507936 0.5238095238095238 0.03869047619047619 0.06481481481481481
8 0.5396825396825397 0.4470899470899471 0.03670634920634921 0.05952380952380952
7 0.49503968253968256 0.4312169312169312 0.0496031746031746 0.07936507936507936
7 0.5813492063492064 0.5502645502645502 0.037698412698412696 0.06746031746031746
7 0.5109126984126984 0.5687830687830688 0.047619047619047616 0.06613756613756613
7 0.4751984126984127 0.6018518518518519 0.03968253968253968 0.0582010582010582
6 0.4126984126984127 0.48677248677248675 0.09623015873015874 0.20502645502645503