1 0.7103174603174603 0.6865079365079365 0.30257936507936506 0.2619047619047619
0 0.25793650793650796 0.5873015873015873 0.28869047619047616 0.45105820105820105
3 0.24206349206349206 0.8664021164021164 0.20238095238095238 0.25396825396825395
8 0.44246031746031744 0.705026455026455 0.05853174603174603 0.07671957671957672
8 0.558531746031746 0.48412698412698413 0.05555555555555555 0.07275132275132275
8 0.5555555555555556 0.40476190476190477 0.054563492063492064 0.06878306878306878
8 0.4166666666666667 0.4087301587301587 0.040674603174603176 0.06084656084656084
7 0.4503968253968254 0.3716931216931217 0.05257936507936508 0.06878306878306878
7 0.3869047619047619 0.5343915343915344 0.04861111111111111 0.062169312169312166
7 0.5119047619047619 0.6005291005291006 0.05257936507936508 0.07275132275132275
7 0.373015873015873 0.6402116402116402 0.04563492063492063 0.06481481481481481
7 0.5972222222222222 0.4537037037037037 0.040674603174603176 0.06349206349206349
7 0.4444444444444444 0.6256613756613757 0.03968253968253968 0.04497354497354497
7 0.49404761904761907 0.6375661375661376 0.03869047619047619 0.056878306878306875
6 0.4722222222222222 0.4695767195767196 0.05654761904761905 0.10846560846560846
6 0.4166666666666667 0.4801587301587302 0.05853174603174603 0.07936507936507936