1 0.7311507936507936 0.6111111111111112 0.3353174603174603 0.26455026455026454
0 0.26884920634920634 0.49867724867724866 0.2777777777777778 0.4470899470899471
3 0.23214285714285715 0.7923280423280423 0.20535714285714285 0.24867724867724866
8 0.44246031746031744 0.626984126984127 0.050595238095238096 0.07671957671957672
8 0.5734126984126984 0.4021164021164021 0.047619047619047616 0.07142857142857142
8 0.5694444444444444 0.31746031746031744 0.05555555555555555 0.0701058201058201
8 0.4226190476190476 0.3253968253968254 0.044642857142857144 0.0582010582010582
7 0.37996031746031744 0.5661375661375662 0.04365079365079365 0.08068783068783068
7 0.3878968253968254 0.46164021164021163 0.04365079365079365 0.06878306878306878
7 0.5248015873015873 0.5211640211640212 0.05357142857142857 0.07671957671957672
7 0.501984126984127 0.5608465608465608 0.04265873015873016 0.062169312169312166
7 0.4583333333333333 0.2843915343915344 0.06746031746031746 0.07407407407407407
7 0.6180555555555556 0.37037037037037035 0.04365079365079365 0.0701058201058201
6 0.45634920634920634 0.3994708994708995 0.11408730158730158 0.0992063492063492
6 0.49206349206349204 0.33465608465608465 0.0882936507936508 0.037037037037037035