1 0.7509920634920635 0.5396825396825397 0.35119047619047616 0.27380952380952384
0 0.24603174603174602 0.5661375661375662 0.25992063492063494 0.4933862433862434
3 0.8253968253968254 0.17724867724867724 0.18353174603174602 0.28174603174603174
8 0.5317460317460317 0.6177248677248677 0.05257936507936508 0.07671957671957672
8 0.5099206349206349 0.4312169312169312 0.051587301587301584 0.07275132275132275
8 0.4384920634920635 0.5555555555555556 0.05257936507936508 0.06481481481481481
8 0.45634920634920634 0.35714285714285715 0.0496031746031746 0.06878306878306878
7 0.45634920634920634 0.48677248677248675 0.047619047619047616 0.06746031746031746
7 0.45634920634920634 0.6349206349206349 0.05654761904761905 0.05291005291005291
7 0.49206349206349204 0.582010582010582 0.04662698412698413 0.07275132275132275
7 0.6071428571428571 0.37962962962962965 0.04861111111111111 0.05555555555555555
7 0.3948412698412698 0.37433862433862436 0.0496031746031746 0.07671957671957672
6 0.41964285714285715 0.29894179894179895 0.13293650793650794 0.051587301587301584
6 0.38095238095238093 0.48544973544973546 0.08035714285714286 0.0582010582010582