1 0.6984126984126984 0.5767195767195767 0.28869047619047616 0.2447089947089947
0 0.251984126984127 0.5833333333333334 0.19345238095238096 0.4444444444444444
3 0.8313492063492064 0.23148148148148148 0.20337301587301587 0.25925925925925924
8 0.48908730158730157 0.47354497354497355 0.05357142857142857 0.06349206349206349
8 0.43253968253968256 0.3968253968253968 0.05257936507936508 0.06878306878306878
8 0.4166666666666667 0.5978835978835979 0.05654761904761905 0.06349206349206349
8 0.5009920634920635 0.6521164021164021 0.05555555555555555 0.06613756613756613
7 0.37103174603174605 0.41534391534391535 0.06448412698412699 0.09656084656084656
7 0.43253968253968256 0.5264550264550265 0.05257936507936508 0.07671957671957672
7 0.5813492063492064 0.42328042328042326 0.05257936507936508 0.08068783068783068
7 0.46825396825396826 0.6084656084656085 0.051587301587301584 0.0701058201058201
7 0.43452380952380953 0.6613756613756614 0.06547619047619048 0.05423280423280423
6 0.39087301587301587 0.3333333333333333 0.1498015873015873 0.06613756613756613