1 0.7251984126984127 0.6296296296296297 0.3373015873015873 0.26851851851851855
0 0.24801587301587302 0.5132275132275133 0.314484126984127 0.4351851851851852
3 0.2222222222222222 0.8042328042328042 0.22123015873015872 0.25793650793650796
8 0.5694444444444444 0.3306878306878307 0.05257936507936508 0.06481481481481481
8 0.5654761904761905 0.4126984126984127 0.051587301587301584 0.0701058201058201
8 0.4365079365079365 0.6402116402116402 0.047619047619047616 0.07804232804232804
8 0.4166666666666667 0.3306878306878307 0.040674603174603176 0.05952380952380952
7 0.4503968253968254 0.28835978835978837 0.06646825396825397 0.07539682539682539
7 0.6130952380952381 0.38095238095238093 0.0496031746031746 0.0701058201058201
7 0.5198412698412699 0.5396825396825397 0.06646825396825397 0.062169312169312166
7 0.38293650793650796 0.46825396825396826 0.04662698412698413 0.06481481481481481
7 0.37202380952380953 0.5740740740740741 0.04365079365079365 0.06349206349206349
7 0.49702380952380953 0.5714285714285714 0.04365079365079365 0.04894179894179894
6 0.44642857142857145 0.40476190476190477 0.11706349206349206 0.07407407407407407