1 0.6845238095238095 0.5767195767195767 0.10813492063492064 0.4722222222222222
0 0.5138888888888888 0.8306878306878307 0.3472222222222222 0.09126984126984126
3 0.7529761904761905 0.1865079365079365 0.19642857142857142 0.2671957671957672
8 0.5119047619047619 0.6084656084656085 0.04861111111111111 0.05952380952380952
8 0.5138888888888888 0.5158730158730159 0.044642857142857144 0.06084656084656084
8 0.4523809523809524 0.5105820105820106 0.040674603174603176 0.05423280423280423
8 0.5089285714285714 0.4417989417989418 0.04563492063492063 0.062169312169312166
7 0.47023809523809523 0.42857142857142855 0.0496031746031746 0.07539682539682539
7 0.4880952380952381 0.5634920634920635 0.050595238095238096 0.06481481481481481
7 0.5525793650793651 0.5343915343915344 0.03968253968253968 0.06613756613756613
7 0.45634920634920634 0.5952380952380952 0.034722222222222224 0.051587301587301584
6 0.3869047619047619 0.48412698412698413 0.10615079365079365 0.19973544973544974