2 0.6468253968253969 0.455026455026455 0.25496031746031744 0.17328042328042328
0 0.37896825396825395 0.5582010582010583 0.25496031746031744 0.2156084656084656
1 0.810515873015873 0.4537037037037037 0.2619047619047619 0.3915343915343915
3 0.7549603174603174 0.6388888888888888 0.1765873015873016 0.21693121693121692
3 0.14087301587301587 0.11375661375661375 0.1597222222222222 0.18253968253968253
3 0.07539682539682539 0.716931216931217 0.14384920634920634 0.1626984126984127
10 0.6091269841269841 0.376984126984127 0.044642857142857144 0.06878306878306878
10 0.5317460317460317 0.6640211640211641 0.044642857142857144 0.0582010582010582
10 0.5188492063492064 0.5264550264550265 0.05952380952380952 0.07539682539682539
10 0.48214285714285715 0.6375661375661376 0.03273809523809524 0.06481481481481481
10 0.5168650793650794 0.6137566137566137 0.06547619047619048 0.05952380952380952
9 0.5595238095238095 0.5304232804232805 0.05853174603174603 0.11904761904761904
9 0.45436507936507936 0.6428571428571429 0.07539682539682539 0.1388888888888889
9 0.5436507936507936 0.6746031746031746 0.06448412698412699 0.1402116402116402
9 0.49702380952380953 0.6693121693121693 0.08928571428571429 0.08862433862433862