2 0.8442460317460317 0.6388888888888888 0.0873015873015873 0.42328042328042326
0 0.23412698412698413 0.5793650793650794 0.0744047619047619 0.4933862433862434
1 0.7757936507936508 0.6190476190476191 0.08234126984126984 0.503968253968254
3 0.8214285714285714 0.19576719576719576 0.20238095238095238 0.27116402116402116
10 0.5654761904761905 0.5198412698412699 0.04861111111111111 0.05026455026455026
10 0.44047619047619047 0.5079365079365079 0.054563492063492064 0.12566137566137567
10 0.5059523809523809 0.533068783068783 0.03869047619047619 0.07671957671957672
10 0.4791666666666667 0.5 0.08928571428571429 0.07936507936507936
9 0.4126984126984127 0.6137566137566137 0.0744047619047619 0.10449735449735449
9 0.5396825396825397 0.44312169312169314 0.11805555555555555 0.11904761904761904
9 0.5337301587301587 0.5886243386243386 0.14186507936507936 0.12433862433862433