2 0.5912698412698413 0.4603174603174603 0.24305555555555555 0.32142857142857145
0 0.251984126984127 0.5661375661375662 0.25496031746031744 0.4656084656084656
1 0.7321428571428571 0.42063492063492064 0.2569444444444444 0.4113756613756614
3 0.8035714285714286 0.18253968253968253 0.2003968253968254 0.27645502645502645
10 0.5337301587301587 0.3253968253968254 0.05257936507936508 0.062169312169312166
10 0.373015873015873 0.3505291005291005 0.04662698412698413 0.06084656084656084
10 0.38492063492063494 0.6613756613756614 0.04662698412698413 0.09523809523809523
10 0.42658730158730157 0.4708994708994709 0.07539682539682539 0.06746031746031746
10 0.42857142857142855 0.5052910052910053 0.05357142857142857 0.0992063492063492
9 0.3531746031746032 0.3783068783068783 0.06547619047619048 0.16534391534391535
9 0.33134920634920634 0.6428571428571429 0.06746031746031746 0.1111111111111111
9 0.375 0.5978835978835979 0.08134920634920635 0.09391534391534391
9 0.46130952380952384 0.5568783068783069 0.10119047619047619 0.08465608465608465
9 0.44047619047619047 0.414021164021164 0.12896825396825398 0.04497354497354497
9 0.4851190476190476 0.49074074074074076 0.05952380952380952 0.10582010582010581