2 0.6567460317460317 0.5291005291005291 0.2926587301587302 0.2552910052910053
0 0.2777777777777778 0.5992063492063492 0.42063492063492064 0.24338624338624337
1 0.746031746031746 0.45634920634920634 0.2628968253968254 0.41534391534391535
3 0.1884920634920635 0.3201058201058201 0.2152777777777778 0.25132275132275134
10 0.6130952380952381 0.4298941798941799 0.05555555555555555 0.07671957671957672
10 0.49007936507936506 0.5806878306878307 0.0744047619047619 0.10317460317460317
10 0.42063492063492064 0.7156084656084656 0.04662698412698413 0.0873015873015873
10 0.49603174603174605 0.7552910052910053 0.06547619047619048 0.06878306878306878
10 0.45634920634920634 0.6931216931216931 0.07242063492063493 0.0701058201058201
10 0.49007936507936506 0.6825396825396826 0.06845238095238096 0.07539682539682539
9 0.5486111111111112 0.6111111111111112 0.07142857142857142 0.164021164021164
9 0.5099206349206349 0.7738095238095238 0.09325396825396826 0.164021164021164
9 0.3869047619047619 0.7195767195767195 0.09821428571428571 0.19047619047619047
9 0.4623015873015873 0.7552910052910053 0.10119047619047619 0.08465608465608465