2 0.6041666666666666 0.5092592592592593 0.28174603174603174 0.2037037037037037
0 0.2619047619047619 0.626984126984127 0.35615079365079366 0.27116402116402116
1 0.75 0.5052910052910053 0.24206349206349206 0.414021164021164
3 0.7688492063492064 0.7367724867724867 0.20833333333333334 0.24338624338624337
10 0.5575396825396826 0.42063492063492064 0.054563492063492064 0.06481481481481481
10 0.4503968253968254 0.5687830687830688 0.05257936507936508 0.06878306878306878
10 0.4662698412698413 0.58994708994709 0.05555555555555555 0.06349206349206349
10 0.39880952380952384 0.7142857142857143 0.050595238095238096 0.07539682539682539
10 0.46825396825396826 0.7380952380952381 0.04662698412698413 0.07142857142857142
10 0.4305555555555556 0.7023809523809523 0.05853174603174603 0.06878306878306878
10 0.4583333333333333 0.6798941798941799 0.06646825396825397 0.08333333333333333
9 0.5079365079365079 0.6005291005291006 0.061507936507936505 0.15211640211640212
9 0.36507936507936506 0.7222222222222222 0.08630952380952381 0.19444444444444445
9 0.44047619047619047 0.7526455026455027 0.09027777777777778 0.10846560846560846
9 0.4880952380952381 0.753968253968254 0.06845238095238096 0.14682539682539683