2 0.6150793650793651 0.4166666666666667 0.29464285714285715 0.2222222222222222
0 0.3115079365079365 0.5119047619047619 0.3898809523809524 0.14814814814814814
1 0.623015873015873 0.667989417989418 0.06746031746031746 0.5291005291005291
3 0.24206349206349206 0.2804232804232804 0.1974206349206349 0.24074074074074073
10 0.4226190476190476 0.4074074074074074 0.08035714285714286 0.062169312169312166
10 0.5882936507936508 0.5185185185185185 0.025793650793650792 0.07539682539682539
10 0.4722222222222222 0.5251322751322751 0.044642857142857144 0.06349206349206349
10 0.49007936507936506 0.5634920634920635 0.06448412698412699 0.0701058201058201
10 0.5029761904761905 0.5886243386243386 0.07738095238095238 0.0582010582010582
9 0.40773809523809523 0.5687830687830688 0.07539682539682539 0.10714285714285714
9 0.5198412698412699 0.46296296296296297 0.11706349206349206 0.12566137566137567
9 0.5744047619047619 0.6031746031746031 0.057539682539682536 0.09523809523809523
9 0.5436507936507936 0.5158730158730159 0.06845238095238096 0.07804232804232804