2 0.6785714285714286 0.3439153439153439 0.2569444444444444 0.10052910052910052
0 0.21031746031746032 0.6666666666666666 0.3392857142857143 0.40476190476190477
1 0.7251984126984127 0.4695767195767196 0.25396825396825395 0.3968253968253968
3 0.19345238095238096 0.30423280423280424 0.21825396825396826 0.2619047619047619
10 0.5972222222222222 0.4312169312169312 0.05853174603174603 0.06878306878306878
10 0.39880952380952384 0.4470899470899471 0.06448412698412699 0.07804232804232804
10 0.4801587301587302 0.5370370370370371 0.06349206349206349 0.0992063492063492
10 0.40575396825396826 0.6058201058201058 0.06944444444444445 0.07671957671957672
10 0.45436507936507936 0.6653439153439153 0.054563492063492064 0.07671957671957672
9 0.4603174603174603 0.4523809523809524 0.0992063492063492 0.051587301587301584
9 0.35813492063492064 0.6468253968253969 0.041666666666666664 0.1349206349206349
9 0.42162698412698413 0.6507936507936508 0.08531746031746032 0.12037037037037036
9 0.4871031746031746 0.7473544973544973 0.06349206349206349 0.17195767195767195
9 0.5079365079365079 0.6044973544973545 0.09821428571428571 0.12169312169312169