2 0.6111111111111112 0.43386243386243384 0.30952380952380953 0.21825396825396826
0 0.3055555555555556 0.5291005291005291 0.3948412698412698 0.15079365079365079
1 0.6111111111111112 0.6772486772486772 0.06448412698412699 0.5277777777777778
3 0.2261904761904762 0.29894179894179895 0.2003968253968254 0.25
10 0.42063492063492064 0.42592592592592593 0.06845238095238096 0.056878306878306875
10 0.5793650793650794 0.5291005291005291 0.026785714285714284 0.0701058201058201
10 0.4851190476190476 0.5873015873015873 0.08134920634920635 0.08862433862433862
10 0.4751984126984127 0.5621693121693122 0.047619047619047616 0.10846560846560846
9 0.4007936507936508 0.5793650793650794 0.0744047619047619 0.10714285714285714
9 0.5109126984126984 0.47354497354497355 0.11904761904761904 0.12962962962962962
9 0.5634920634920635 0.6111111111111112 0.06646825396825397 0.08597883597883597
9 0.5416666666666666 0.5423280423280423 0.0744047619047619 0.07671957671957672