2 0.7341269841269841 0.31216931216931215 0.28273809523809523 0.1164021164021164
0 0.2638888888888889 0.6481481481481481 0.32142857142857145 0.40476190476190477
1 0.7837301587301587 0.4365079365079365 0.2698412698412698 0.4298941798941799
3 0.22321428571428573 0.2843915343915344 0.20634920634920634 0.25925925925925924
10 0.6468253968253969 0.40476190476190477 0.06349206349206349 0.0701058201058201
10 0.4384920634920635 0.4312169312169312 0.0625 0.08333333333333333
10 0.5277777777777778 0.5158730158730159 0.07142857142857142 0.09656084656084656
10 0.4375 0.6005291005291006 0.05357142857142857 0.10317460317460317
10 0.49206349206349204 0.6481481481481481 0.05257936507936508 0.06084656084656084
10 0.45436507936507936 0.5714285714285714 0.07242063492063493 0.046296296296296294
9 0.503968253968254 0.43386243386243384 0.09821428571428571 0.046296296296296294
9 0.5297619047619048 0.7380952380952381 0.05952380952380952 0.167989417989418
9 0.5476190476190477 0.5846560846560847 0.11011904761904762 0.11243386243386243
9 0.39880952380952384 0.6362433862433863 0.037698412698412696 0.12169312169312169
9 0.45535714285714285 0.6455026455026455 0.08531746031746032 0.1111111111111111