2 0.7222222222222222 0.33465608465608465 0.28075396825396826 0.11904761904761904
0 0.26091269841269843 0.6613756613756614 0.31746031746031744 0.414021164021164
1 0.7698412698412699 0.43915343915343913 0.2628968253968254 0.4087301587301587
3 0.22023809523809523 0.3002645502645503 0.2003968253968254 0.25925925925925924
10 0.6388888888888888 0.41005291005291006 0.060515873015873016 0.07275132275132275
10 0.43253968253968256 0.43783068783068785 0.06448412698412699 0.07407407407407407
10 0.5188492063492064 0.5291005291005291 0.06944444444444445 0.10449735449735449
10 0.49007936507936506 0.6574074074074074 0.06448412698412699 0.06613756613756613
10 0.44642857142857145 0.6005291005291006 0.07043650793650794 0.09523809523809523
9 0.4990079365079365 0.4417989417989418 0.10714285714285714 0.06349206349206349
9 0.39880952380952384 0.6441798941798942 0.03273809523809524 0.13756613756613756
9 0.5535714285714286 0.5793650793650794 0.09226190476190477 0.10714285714285714
9 0.4623015873015873 0.6468253968253969 0.08234126984126984 0.12169312169312169
9 0.5277777777777778 0.7433862433862434 0.054563492063492064 0.18253968253968253