2 0.8571428571428571 0.626984126984127 0.09126984126984126 0.44312169312169314
0 0.20634920634920634 0.5687830687830688 0.08134920634920635 0.541005291005291
1 0.7956349206349206 0.6164021164021164 0.12797619047619047 0.5317460317460317
3 0.8214285714285714 0.17195767195767195 0.2113095238095238 0.3055555555555556
10 0.49603174603174605 0.6587301587301587 0.05257936507936508 0.07142857142857142
10 0.5932539682539683 0.5291005291005291 0.05952380952380952 0.10185185185185185
10 0.5386904761904762 0.5727513227513228 0.08333333333333333 0.06613756613756613
10 0.5793650793650794 0.5264550264550265 0.09027777777777778 0.11243386243386243
9 0.5297619047619048 0.43386243386243384 0.12003968253968254 0.0582010582010582
9 0.4742063492063492 0.5925925925925926 0.07242063492063493 0.20502645502645503
9 0.5734126984126984 0.6732804232804233 0.14781746031746032 0.12698412698412698