2 0.6765873015873016 0.3968253968253968 0.19940476190476192 0.11243386243386243
0 0.22023809523809523 0.716931216931217 0.3680555555555556 0.4417989417989418
1 0.7013888888888888 0.5 0.21031746031746032 0.38492063492063494
3 0.23809523809523808 0.3201058201058201 0.20734126984126985 0.2896825396825397
10 0.6011904761904762 0.4708994708994709 0.05853174603174603 0.06481481481481481
10 0.4107142857142857 0.47619047619047616 0.07837301587301587 0.07804232804232804
10 0.498015873015873 0.5714285714285714 0.05853174603174603 0.10185185185185185
10 0.47619047619047616 0.6984126984126984 0.05257936507936508 0.07275132275132275
10 0.42658730158730157 0.6428571428571429 0.07043650793650794 0.09523809523809523
9 0.4781746031746032 0.4894179894179894 0.10714285714285714 0.047619047619047616
9 0.38095238095238093 0.6878306878306878 0.03373015873015873 0.1455026455026455
9 0.5059523809523809 0.7804232804232805 0.060515873015873016 0.17063492063492064
9 0.5297619047619048 0.6349206349206349 0.08035714285714286 0.11243386243386243
9 0.44742063492063494 0.6878306878306878 0.07936507936507936 0.11904761904761904