2 0.5972222222222222 0.44047619047619047 0.29464285714285715 0.15608465608465608
0 0.2976190476190476 0.5608465608465608 0.37797619047619047 0.1746031746031746
1 0.6011904761904762 0.708994708994709 0.04861111111111111 0.5119047619047619
3 0.22123015873015872 0.3306878306878307 0.2003968253968254 0.23412698412698413
10 0.4156746031746032 0.44841269841269843 0.07539682539682539 0.0582010582010582
10 0.5734126984126984 0.5502645502645502 0.031746031746031744 0.0873015873015873
10 0.4642857142857143 0.5529100529100529 0.06944444444444445 0.06878306878306878
10 0.4801587301587302 0.6005291005291006 0.07242063492063493 0.08862433862433862
9 0.3948412698412698 0.6031746031746031 0.08234126984126984 0.0992063492063492
9 0.4861111111111111 0.48148148148148145 0.08234126984126984 0.08994708994708994
9 0.5615079365079365 0.626984126984127 0.05357142857142857 0.09391534391534391
9 0.5178571428571429 0.5476190476190477 0.09821428571428571 0.0992063492063492