2 0.7321428571428571 0.35978835978835977 0.2857142857142857 0.1164021164021164
0 0.26587301587301587 0.6812169312169312 0.29464285714285715 0.3968253968253968
1 0.7678571428571429 0.4470899470899471 0.25892857142857145 0.4298941798941799
3 0.19444444444444445 0.35978835978835977 0.22718253968253968 0.24867724867724866
10 0.6388888888888888 0.43386243386243384 0.057539682539682536 0.07142857142857142
10 0.41865079365079366 0.4576719576719577 0.07043650793650794 0.07671957671957672
10 0.4384920634920635 0.6349206349206349 0.05654761904761905 0.08862433862433862
10 0.5119047619047619 0.5383597883597884 0.06646825396825397 0.06878306878306878
10 0.5228174603174603 0.5753968253968254 0.05357142857142857 0.05026455026455026
10 0.4880952380952381 0.6878306878306878 0.050595238095238096 0.05423280423280423
9 0.48908730158730157 0.46825396825396826 0.10515873015873016 0.0582010582010582
9 0.3958333333333333 0.6785714285714286 0.04563492063492063 0.164021164021164
9 0.45535714285714285 0.6798941798941799 0.07539682539682539 0.1283068783068783
9 0.5456349206349206 0.6164021164021164 0.08928571428571429 0.12566137566137567
9 0.5267857142857143 0.7592592592592593 0.04563492063492063 0.17328042328042328