2 0.8174603174603174 0.6375661375661376 0.07738095238095238 0.421957671957672
0 0.2718253968253968 0.5687830687830688 0.4107142857142857 0.21031746031746032
1 0.748015873015873 0.6190476190476191 0.08630952380952381 0.5145502645502645
3 0.8025793650793651 0.1865079365079365 0.2123015873015873 0.2857142857142857
10 0.3968253968253968 0.4470899470899471 0.07738095238095238 0.06878306878306878
10 0.5376984126984127 0.5357142857142857 0.05357142857142857 0.082010582010582
10 0.5545634920634921 0.708994708994709 0.09722222222222222 0.07539682539682539
10 0.5734126984126984 0.7619047619047619 0.08134920634920635 0.08333333333333333
10 0.5674603174603174 0.7076719576719577 0.06646825396825397 0.06878306878306878
9 0.373015873015873 0.6150793650793651 0.08234126984126984 0.10846560846560846
9 0.5099206349206349 0.4417989417989418 0.11904761904761904 0.13624338624338625
9 0.6369047619047619 0.6746031746031746 0.047619047619047616 0.17592592592592593