2 0.5912698412698413 0.4351851851851852 0.3055555555555556 0.16666666666666666
0 0.2708333333333333 0.5555555555555556 0.4087301587301587 0.17857142857142858
1 0.5952380952380952 0.716931216931217 0.05357142857142857 0.5370370370370371
3 0.8015873015873016 0.1746031746031746 0.22123015873015872 0.29365079365079366
10 0.4007936507936508 0.44312169312169314 0.07936507936507936 0.06613756613756613
10 0.5625 0.5476190476190477 0.041666666666666664 0.08068783068783068
10 0.4722222222222222 0.5925925925925926 0.09424603174603174 0.07671957671957672
10 0.44246031746031744 0.5502645502645502 0.05555555555555555 0.08068783068783068
9 0.3759920634920635 0.6005291005291006 0.08134920634920635 0.10978835978835978
9 0.5476190476190477 0.6296296296296297 0.06448412698412699 0.0992063492063492
9 0.4662698412698413 0.47619047619047616 0.0744047619047619 0.08862433862433862
9 0.5099206349206349 0.5502645502645502 0.11210317460317461 0.0873015873015873