2 0.5863095238095238 0.42328042328042326 0.2837301587301587 0.1970899470899471
0 0.24404761904761904 0.5476190476190477 0.37103174603174605 0.27380952380952384
1 0.7301587301587301 0.42328042328042326 0.25297619047619047 0.37962962962962965
3 0.7579365079365079 0.5952380952380952 0.19543650793650794 0.2261904761904762
10 0.5416666666666666 0.3412698412698413 0.05853174603174603 0.06613756613756613
10 0.44047619047619047 0.5 0.06746031746031746 0.08465608465608465
10 0.3968253968253968 0.6243386243386243 0.06547619047619048 0.09656084656084656
10 0.45634920634920634 0.6494708994708994 0.04662698412698413 0.06878306878306878
10 0.4503968253968254 0.5846560846560847 0.06448412698412699 0.06481481481481481
9 0.49007936507936506 0.5211640211640212 0.060515873015873016 0.15343915343915343
9 0.4742063492063492 0.6640211640211641 0.06845238095238096 0.16005291005291006
9 0.3492063492063492 0.6402116402116402 0.0882936507936508 0.1746031746031746
9 0.42063492063492064 0.6666666666666666 0.10218253968253968 0.11507936507936507