2 0.6130952380952381 0.5661375661375662 0.22321428571428573 0.31613756613756616
0 0.30357142857142855 0.6534391534391535 0.22718253968253968 0.4298941798941799
1 0.7440476190476191 0.5158730158730159 0.2400793650793651 0.39814814814814814
3 0.8234126984126984 0.31084656084656087 0.20833333333333334 0.21957671957671956
10 0.5595238095238095 0.4246031746031746 0.057539682539682536 0.06878306878306878
10 0.4146825396825397 0.4497354497354497 0.04265873015873016 0.07142857142857142
10 0.4176587301587302 0.7380952380952381 0.05357142857142857 0.08465608465608465
10 0.4642857142857143 0.5621693121693122 0.08035714285714286 0.06878306878306878
10 0.4642857142857143 0.6058201058201058 0.06349206349206349 0.07804232804232804
9 0.38492063492063494 0.421957671957672 0.05257936507936508 0.05291005291005291
9 0.37202380952380953 0.7222222222222222 0.06944444444444445 0.10846560846560846
9 0.4662698412698413 0.5052910052910053 0.14583333333333334 0.09523809523809523
9 0.4156746031746032 0.6812169312169312 0.0873015873015873 0.08994708994708994
9 0.5029761904761905 0.6124338624338624 0.08333333333333333 0.15079365079365079