2 0.628968253968254 0.43253968253968256 0.2896825396825397 0.18783068783068782
0 0.3353174603174603 0.541005291005291 0.36706349206349204 0.15873015873015872
1 0.626984126984127 0.6825396825396826 0.0763888888888889 0.48412698412698413
3 0.251984126984127 0.3439153439153439 0.1875 0.23148148148148148
10 0.44345238095238093 0.42857142857142855 0.06746031746031746 0.07275132275132275
10 0.5932539682539683 0.533068783068783 0.028769841269841268 0.07142857142857142
10 0.4861111111111111 0.5793650793650794 0.037698412698412696 0.11904761904761904
10 0.5059523809523809 0.6005291005291006 0.08234126984126984 0.08862433862433862
9 0.42063492063492064 0.5767195767195767 0.0744047619047619 0.09656084656084656
9 0.5813492063492064 0.6111111111111112 0.06845238095238096 0.09391534391534391
9 0.5337301587301587 0.4828042328042328 0.11904761904761904 0.11904761904761904
9 0.5535714285714286 0.5515873015873016 0.0763888888888889 0.06613756613756613