2 0.5982142857142857 0.4312169312169312 0.2876984126984127 0.19973544973544974
0 0.251984126984127 0.5555555555555556 0.3759920634920635 0.27380952380952384
1 0.7400793650793651 0.4365079365079365 0.2509920634920635 0.38756613756613756
3 0.7638888888888888 0.6018518518518519 0.19345238095238096 0.22486772486772486
10 0.5496031746031746 0.3505291005291005 0.05853174603174603 0.06349206349206349
10 0.44246031746031744 0.5 0.05257936507936508 0.07804232804232804
10 0.4573412698412698 0.5132275132275133 0.05357142857142857 0.07275132275132275
10 0.39285714285714285 0.6402116402116402 0.03869047619047619 0.07407407407407407
10 0.4662698412698413 0.656084656084656 0.054563492063492064 0.056878306878306875
10 0.42658730158730157 0.6137566137566137 0.04662698412698413 0.08333333333333333
10 0.4503968253968254 0.5978835978835979 0.07043650793650794 0.05952380952380952
9 0.503968253968254 0.533068783068783 0.050595238095238096 0.15873015873015872
9 0.35119047619047616 0.6402116402116402 0.09027777777777778 0.16534391534391535
9 0.48214285714285715 0.6693121693121693 0.05952380952380952 0.14814814814814814