2 0.6369047619047619 0.5277777777777778 0.24603174603174602 0.23544973544973544
0 0.2777777777777778 0.5873015873015873 0.4176587301587302 0.23677248677248677
1 0.6974206349206349 0.46825396825396826 0.21428571428571427 0.37962962962962965
3 0.22023809523809523 0.30423280423280424 0.20337301587301587 0.26322751322751325
10 0.5972222222222222 0.43915343915343913 0.05853174603174603 0.07275132275132275
10 0.48214285714285715 0.5634920634920635 0.05654761904761905 0.0701058201058201
10 0.4990079365079365 0.5886243386243386 0.047619047619047616 0.07142857142857142
10 0.42162698412698413 0.6997354497354498 0.04563492063492063 0.07671957671957672
10 0.48908730158730157 0.7367724867724867 0.06547619047619048 0.06349206349206349
10 0.46825396825396826 0.6825396825396826 0.06448412698412699 0.06878306878306878
10 0.49603174603174605 0.6693121693121693 0.0496031746031746 0.07407407407407407
9 0.5357142857142857 0.6005291005291006 0.060515873015873016 0.1388888888888889
9 0.39087301587301587 0.6468253968253969 0.09722222222222222 0.06878306878306878
9 0.39285714285714285 0.7341269841269841 0.06448412698412699 0.1164021164021164
9 0.47023809523809523 0.7328042328042328 0.09821428571428571 0.08068783068783068
9 0.503968253968254 0.7486772486772487 0.0763888888888889 0.14947089947089948