2 0.8234126984126984 0.6455026455026455 0.07837301587301587 0.4193121693121693
0 0.1984126984126984 0.5925925925925926 0.08432539682539683 0.5251322751322751
1 0.7579365079365079 0.626984126984127 0.0882936507936508 0.5145502645502645
3 0.8095238095238095 0.18915343915343916 0.21726190476190477 0.2804232804232804
10 0.5714285714285714 0.5714285714285714 0.05853174603174603 0.10978835978835978
10 0.4801587301587302 0.6891534391534392 0.04662698412698413 0.07936507936507936
10 0.5178571428571429 0.6084656084656085 0.08531746031746032 0.05952380952380952
10 0.5466269841269841 0.5634920634920635 0.08333333333333333 0.08862433862433862
9 0.5089285714285714 0.46825396825396826 0.10119047619047619 0.06084656084656084
9 0.45337301587301587 0.6296296296296297 0.061507936507936505 0.21428571428571427
9 0.5416666666666666 0.7037037037037037 0.12202380952380952 0.11772486772486772