2 0.75 0.6825396825396826 0.06746031746031746 0.38492063492063494
0 0.12301587301587301 0.6150793650793651 0.10119047619047619 0.5978835978835979
1 0.6904761904761905 0.6613756613756614 0.08035714285714286 0.48544973544973546
3 0.75 0.2619047619047619 0.2251984126984127 0.23677248677248677
10 0.44642857142857145 0.7235449735449735 0.04662698412698413 0.07671957671957672
10 0.5376984126984127 0.6058201058201058 0.044642857142857144 0.10317460317460317
10 0.5119047619047619 0.6071428571428571 0.060515873015873016 0.12169312169312169
10 0.48908730158730157 0.6309523809523809 0.06746031746031746 0.07936507936507936
9 0.4742063492063492 0.49603174603174605 0.10813492063492064 0.0582010582010582
9 0.4236111111111111 0.6587301587301587 0.08134920634920635 0.2328042328042328
9 0.501984126984127 0.7354497354497355 0.12003968253968254 0.12698412698412698