2 0.5863095238095238 0.5224867724867724 0.2837301587301587 0.23544973544973544
0 0.2628968253968254 0.5912698412698413 0.33134920634920634 0.21693121693121692
1 0.6904761904761905 0.44841269841269843 0.27380952380952384 0.4074074074074074
3 0.17857142857142858 0.36507936507936506 0.22321428571428573 0.21296296296296297
10 0.5476190476190477 0.42592592592592593 0.05853174603174603 0.0701058201058201
10 0.42956349206349204 0.5634920634920635 0.05555555555555555 0.07804232804232804
10 0.44841269841269843 0.593915343915344 0.04563492063492063 0.06613756613756613
10 0.376984126984127 0.6970899470899471 0.054563492063492064 0.07407407407407407
10 0.4365079365079365 0.7380952380952381 0.05257936507936508 0.05952380952380952
10 0.4246031746031746 0.6746031746031746 0.0882936507936508 0.056878306878306875
9 0.48313492063492064 0.58994708994709 0.07936507936507936 0.13095238095238096
9 0.34523809523809523 0.701058201058201 0.09226190476190477 0.1693121693121693
9 0.4107142857142857 0.7341269841269841 0.08630952380952381 0.07407407407407407
9 0.45337301587301587 0.7486772486772487 0.07341269841269842 0.15211640211640212