3 0.24206349206349206 0.23677248677248677 0.19146825396825398 0.2328042328042328
13 0.5496031746031746 0.6296296296296297 0.0763888888888889 0.27380952380952384
13 0.4722222222222222 0.6878306878306878 0.03373015873015873 0.10978835978835978
13 0.376984126984127 0.5317460317460317 0.13194444444444445 0.2447089947089947
15 0.5674603174603174 0.4497354497354497 0.11904761904761904 0.04894179894179894
15 0.8134920634920635 0.30687830687830686 0.05952380952380952 0.15211640211640212
0 0.4384920634920635 0.5674603174603174 0.08531746031746032 0.48148148148148145
1 0.5 0.4603174603174603 0.0744047619047619 0.48677248677248675
2 0.39186507936507936 0.5171957671957672 0.06746031746031746 0.3941798941798942
16 0.6031746031746031 0.42857142857142855 0.04365079365079365 0.042328042328042326
16 0.7599206349206349 0.30687830687830686 0.05853174603174603 0.07671957671957672
16 0.8591269841269841 0.2976190476190476 0.03670634920634921 0.06349206349206349
14 0.4652777777777778 0.4113756613756614 0.025793650793650792 0.047619047619047616
14 0.5555555555555556 0.5079365079365079 0.054563492063492064 0.06613756613756613
14 0.6051587301587301 0.6111111111111112 0.08630952380952381 0.10978835978835978
14 0.49007936507936506 0.5767195767195767 0.03571428571428571 0.03042328042328042
14 0.4990079365079365 0.6216931216931217 0.04563492063492063 0.05952380952380952
14 0.5813492063492064 0.7354497354497355 0.03373015873015873 0.08068783068783068
14 0.39186507936507936 0.656084656084656 0.037698412698412696 0.027777777777777776
14 0.40575396825396826 0.6216931216931217 0.05357142857142857 0.047619047619047616
14 0.38492063492063494 0.5634920634920635 0.09821428571428571 0.06481481481481481
14 0.3472222222222222 0.4708994708994709 0.07341269841269842 0.1335978835978836