3 0.7103174603174603 0.13756613756613756 0.16765873015873015 0.2605820105820106
13 0.4305555555555556 0.5476190476190477 0.0882936507936508 0.0873015873015873
13 0.5109126984126984 0.4417989417989418 0.14484126984126985 0.17195767195767195
13 0.49107142857142855 0.6653439153439153 0.07539682539682539 0.09259259259259259
13 0.5813492063492064 0.6957671957671958 0.09623015873015874 0.23677248677248677
13 0.5535714285714286 0.544973544973545 0.08234126984126984 0.04894179894179894
15 0.29365079365079366 0.376984126984127 0.1259920634920635 0.05555555555555555
15 0.31746031746031744 0.3187830687830688 0.11607142857142858 0.09259259259259259
0 0.8323412698412699 0.4246031746031746 0.08531746031746032 0.48412698412698413
1 0.7003968253968254 0.46825396825396826 0.35912698412698413 0.2261904761904762
2 0.33035714285714285 0.1984126984126984 0.24603174603174602 0.25793650793650796
16 0.25793650793650796 0.2896825396825397 0.03869047619047619 0.04497354497354497
16 0.3521825396825397 0.35185185185185186 0.03571428571428571 0.047619047619047616
16 0.3253968253968254 0.25 0.0625 0.05555555555555555
14 0.4712301587301587 0.44576719576719576 0.07539682539682539 0.17989417989417988
14 0.48214285714285715 0.5978835978835979 0.04861111111111111 0.1402116402116402
14 0.42857142857142855 0.6349206349206349 0.0248015873015873 0.042328042328042326
14 0.6041666666666666 0.47354497354497355 0.06349206349206349 0.07539682539682539
14 0.5109126984126984 0.48677248677248675 0.037698412698412696 0.03439153439153439
14 0.621031746031746 0.6137566137566137 0.14285714285714285 0.08994708994708994