3 0.24206349206349206 0.7566137566137566 0.18154761904761904 0.2208994708994709
13 0.7400793650793651 0.4074074074074074 0.13988095238095238 0.09656084656084656
13 0.5753968253968254 0.45634920634920634 0.05257936507936508 0.13227513227513227
13 0.5059523809523809 0.5224867724867724 0.030753968253968252 0.03968253968253968
13 0.5515873015873016 0.582010582010582 0.054563492063492064 0.07804232804232804
13 0.6170634920634921 0.4193121693121693 0.030753968253968252 0.05026455026455026
13 0.5972222222222222 0.6296296296296297 0.034722222222222224 0.07671957671957672
13 0.6349206349206349 0.6190476190476191 0.03968253968253968 0.03439153439153439
15 0.2648809523809524 0.2777777777777778 0.04365079365079365 0.14947089947089948
15 0.31746031746031744 0.3029100529100529 0.08630952380952381 0.12962962962962962
0 0.3005952380952381 0.6375661375661376 0.21428571428571427 0.41005291005291006
1 0.7807539682539683 0.5687830687830688 0.3551587301587302 0.23148148148148148
2 0.3958333333333333 0.1865079365079365 0.26785714285714285 0.09259259259259259
16 0.28174603174603174 0.22486772486772486 0.031746031746031744 0.041005291005291
16 0.33134920634920634 0.23544973544973544 0.044642857142857144 0.04497354497354497
16 0.36706349206349204 0.2751322751322751 0.040674603174603176 0.07275132275132275
14 0.7361111111111112 0.6521164021164021 0.03670634920634921 0.026455026455026454
14 0.6944444444444444 0.5952380952380952 0.051587301587301584 0.06746031746031746
14 0.5545634920634921 0.6640211640211641 0.061507936507936505 0.08465608465608465
14 0.5545634920634921 0.5105820105820106 0.08134920634920635 0.08068783068783068
14 0.6011904761904762 0.5687830687830688 0.0248015873015873 0.05423280423280423
14 0.6736111111111112 0.4748677248677249 0.061507936507936505 0.05291005291005291
14 0.6478174603174603 0.3862433862433862 0.07539682539682539 0.10185185185185185