3 0.19444444444444445 0.2222222222222222 0.20238095238095238 0.25793650793650796
13 0.38492063492063494 0.6521164021164021 0.14384920634920634 0.25925925925925924
13 0.6170634920634921 0.6058201058201058 0.14682539682539683 0.3029100529100529
13 0.5416666666666666 0.7328042328042328 0.040674603174603176 0.09656084656084656
15 0.748015873015873 0.33201058201058203 0.0744047619047619 0.15079365079365079
15 0.8005952380952381 0.2923280423280423 0.06349206349206349 0.15079365079365079
0 0.47023809523809523 0.6243386243386243 0.24305555555555555 0.458994708994709
1 0.49007936507936506 0.49206349206349204 0.22916666666666666 0.4537037037037037
2 0.40575396825396826 0.6084656084656085 0.17857142857142858 0.38095238095238093
16 0.7876984126984127 0.36904761904761907 0.03273809523809524 0.06084656084656084
16 0.8462301587301587 0.2751322751322751 0.03968253968253968 0.05952380952380952
16 0.7579365079365079 0.2724867724867725 0.05654761904761905 0.07539682539682539
14 0.6190476190476191 0.48412698412698413 0.03273809523809524 0.04497354497354497
14 0.5575396825396826 0.49867724867724866 0.054563492063492064 0.06084656084656084
14 0.4384920634920635 0.46296296296296297 0.03869047619047619 0.042328042328042326
14 0.33630952380952384 0.6084656084656085 0.06547619047619048 0.15211640211640212
14 0.4117063492063492 0.6666666666666666 0.08333333333333333 0.11507936507936507
14 0.4523809523809524 0.708994708994709 0.05952380952380952 0.03571428571428571
14 0.44642857142857145 0.7552910052910053 0.027777777777777776 0.037037037037037035
14 0.6448412698412699 0.582010582010582 0.1001984126984127 0.09656084656084656
14 0.6646825396825397 0.7142857142857143 0.04265873015873016 0.09126984126984126
14 0.5238095238095238 0.6164021164021164 0.037698412698412696 0.047619047619047616
14 0.5496031746031746 0.6494708994708994 0.040674603174603176 0.082010582010582