3 0.1984126984126984 0.2208994708994709 0.1984126984126984 0.25132275132275134
13 0.3948412698412698 0.6534391534391535 0.15376984126984128 0.25132275132275134
13 0.5396825396825397 0.7380952380952381 0.05654761904761905 0.12301587301587301
13 0.6071428571428571 0.6137566137566137 0.14583333333333334 0.28835978835978837
15 0.7549603174603174 0.33465608465608465 0.07341269841269842 0.1455026455026455
15 0.8055555555555556 0.2976190476190476 0.06349206349206349 0.15873015873015872
0 0.47619047619047616 0.626984126984127 0.24503968253968253 0.4576719576719577
1 0.49206349206349204 0.49206349206349204 0.22123015873015872 0.45634920634920634
2 0.4107142857142857 0.6084656084656085 0.18154761904761904 0.3835978835978836
16 0.7916666666666666 0.37566137566137564 0.03373015873015873 0.05291005291005291
16 0.8531746031746031 0.2804232804232804 0.03670634920634921 0.06084656084656084
16 0.7619047619047619 0.2751322751322751 0.060515873015873016 0.07539682539682539
14 0.625 0.48412698412698413 0.03670634920634921 0.047619047619047616
14 0.44047619047619047 0.4576719576719577 0.034722222222222224 0.051587301587301584
14 0.5634920634920635 0.5013227513227513 0.05654761904761905 0.03439153439153439
14 0.5267857142857143 0.6111111111111112 0.03373015873015873 0.05423280423280423
14 0.558531746031746 0.6441798941798942 0.04563492063492063 0.10317460317460317
14 0.6498015873015873 0.5846560846560847 0.0992063492063492 0.08068783068783068
14 0.6686507936507936 0.7182539682539683 0.03571428571428571 0.08994708994708994
14 0.45535714285714285 0.753968253968254 0.037698412698412696 0.03835978835978836
14 0.45634920634920634 0.708994708994709 0.06746031746031746 0.03835978835978836
14 0.34523809523809523 0.6111111111111112 0.07837301587301587 0.1574074074074074
14 0.4146825396825397 0.6666666666666666 0.08333333333333333 0.10846560846560846