3 0.6984126984126984 0.1455026455026455 0.16765873015873015 0.26455026455026454
13 0.5734126984126984 0.7063492063492064 0.08134920634920635 0.2208994708994709
13 0.49206349206349204 0.671957671957672 0.07837301587301587 0.09126984126984126
13 0.4226190476190476 0.5555555555555556 0.08234126984126984 0.0873015873015873
13 0.4583333333333333 0.43915343915343913 0.06845238095238096 0.042328042328042326
13 0.5436507936507936 0.5476190476190477 0.09226190476190477 0.051587301587301584
13 0.5238095238095238 0.43915343915343913 0.08630952380952381 0.15476190476190477
15 0.2837301587301587 0.3862433862433862 0.12202380952380952 0.05291005291005291
15 0.3115079365079365 0.328042328042328 0.11210317460317461 0.08862433862433862
0 0.8253968253968254 0.4298941798941799 0.09126984126984126 0.48148148148148145
1 0.691468253968254 0.47619047619047616 0.35714285714285715 0.22354497354497355
2 0.32142857142857145 0.20899470899470898 0.24603174603174602 0.25793650793650796
16 0.34523809523809523 0.35978835978835977 0.03571428571428571 0.047619047619047616
16 0.31746031746031744 0.25925925925925924 0.06349206349206349 0.0582010582010582
16 0.25 0.2962962962962963 0.03968253968253968 0.04894179894179894
14 0.42063492063492064 0.6428571428571429 0.027777777777777776 0.03968253968253968
14 0.4722222222222222 0.6058201058201058 0.051587301587301584 0.1402116402116402
14 0.439484126984127 0.5171957671957672 0.041666666666666664 0.12169312169312169
14 0.4742063492063492 0.4603174603174603 0.051587301587301584 0.06746031746031746
14 0.49404761904761907 0.4947089947089947 0.03670634920634921 0.03042328042328042
14 0.4642857142857143 0.3955026455026455 0.05555555555555555 0.06349206349206349
14 0.5912698412698413 0.48148148148148145 0.06448412698412699 0.06746031746031746
14 0.6160714285714286 0.6216931216931217 0.1349206349206349 0.0873015873015873