3 0.20833333333333334 0.23412698412698413 0.19543650793650794 0.24603174603174602
13 0.5476190476190477 0.7037037037037037 0.09523809523809523 0.17063492063492064
13 0.5386904761904762 0.5608465608465608 0.051587301587301584 0.1111111111111111
13 0.5694444444444444 0.5079365079365079 0.050595238095238096 0.03835978835978836
13 0.6170634920634921 0.6865079365079365 0.050595238095238096 0.06349206349206349
13 0.33035714285714285 0.6322751322751323 0.06349206349206349 0.24206349206349206
15 0.75 0.35185185185185186 0.06944444444444445 0.14814814814814814
15 0.8015873015873016 0.3148148148148148 0.06448412698412699 0.15873015873015872
0 0.4236111111111111 0.6349206349206349 0.18452380952380953 0.4801587301587302
1 0.4503968253968254 0.46825396825396826 0.1488095238095238 0.40476190476190477
2 0.36507936507936506 0.6044973544973545 0.1359126984126984 0.3941798941798942
16 0.7847222222222222 0.3915343915343915 0.03373015873015873 0.04894179894179894
16 0.8472222222222222 0.29894179894179895 0.037698412698412696 0.056878306878306875
16 0.7569444444444444 0.2923280423280423 0.05555555555555555 0.07142857142857142
14 0.6111111111111112 0.6957671957671958 0.07242063492063493 0.2208994708994709
14 0.5932539682539683 0.5291005291005291 0.03670634920634921 0.027777777777777776
14 0.5337301587301587 0.5264550264550265 0.06646825396825397 0.04365079365079365
14 0.41865079365079366 0.46825396825396826 0.030753968253968252 0.04365079365079365
14 0.3055555555555556 0.5833333333333334 0.05853174603174603 0.14814814814814814
14 0.36607142857142855 0.6587301587301587 0.09523809523809523 0.08862433862433862
14 0.4007936507936508 0.708994708994709 0.057539682539682536 0.041005291005291
14 0.39087301587301587 0.7513227513227513 0.037698412698412696 0.03042328042328042
14 0.4990079365079365 0.6693121693121693 0.04563492063492063 0.07539682539682539
14 0.4781746031746032 0.6322751322751323 0.02976190476190476 0.041005291005291