3 0.748015873015873 0.15079365079365079 0.18452380952380953 0.2751322751322751
13 0.5783730158730159 0.6507936507936508 0.09325396825396826 0.3386243386243386
13 0.5069444444444444 0.6666666666666666 0.06746031746031746 0.08994708994708994
13 0.48214285714285715 0.5013227513227513 0.15476190476190477 0.21164021164021163
13 0.43253968253968256 0.6931216931216931 0.016865079365079364 0.03439153439153439
15 0.2837301587301587 0.4074074074074074 0.1259920634920635 0.03571428571428571
15 0.2748015873015873 0.32671957671957674 0.11507936507936507 0.09259259259259259
0 0.48214285714285715 0.671957671957672 0.2906746031746032 0.41005291005291006
1 0.751984126984127 0.6137566137566137 0.2748015873015873 0.44047619047619047
2 0.5 0.5714285714285714 0.22817460317460317 0.32936507936507936
16 0.2837301587301587 0.26455026455026454 0.04265873015873016 0.04894179894179894
16 0.3273809523809524 0.373015873015873 0.041666666666666664 0.04365079365079365
16 0.23809523809523808 0.3637566137566138 0.05853174603174603 0.06878306878306878
14 0.6646825396825397 0.6375661375661376 0.12202380952380952 0.09788359788359788
14 0.4384920634920635 0.6164021164021164 0.03869047619047619 0.042328042328042326
14 0.4722222222222222 0.5952380952380952 0.03968253968253968 0.0701058201058201
14 0.47619047619047616 0.5264550264550265 0.10813492063492064 0.06878306878306878
14 0.4861111111111111 0.414021164021164 0.11408730158730158 0.0873015873015873
14 0.6408730158730159 0.42063492063492064 0.057539682539682536 0.05952380952380952
14 0.626984126984127 0.47354497354497355 0.031746031746031744 0.02513227513227513