3 0.7638888888888888 0.1455026455026455 0.16765873015873015 0.24338624338624337
13 0.5704365079365079 0.44841269841269843 0.057539682539682536 0.12698412698412698
13 0.7341269841269841 0.4021164021164021 0.14285714285714285 0.10582010582010581
13 0.5496031746031746 0.5634920634920635 0.1259920634920635 0.14417989417989419
13 0.6309523809523809 0.6111111111111112 0.040674603174603176 0.03571428571428571
15 0.3392857142857143 0.7037037037037037 0.11904761904761904 0.07275132275132275
15 0.35714285714285715 0.6335978835978836 0.11607142857142858 0.10052910052910052
0 0.8869047619047619 0.42328042328042326 0.12996031746031747 0.44576719576719576
1 0.7757936507936508 0.5661375661375662 0.3551587301587302 0.22883597883597884
2 0.35119047619047616 0.5740740740740741 0.13095238095238096 0.3888888888888889
16 0.3134920634920635 0.6005291005291006 0.037698412698412696 0.042328042328042326
16 0.3472222222222222 0.5714285714285714 0.060515873015873016 0.047619047619047616
16 0.39880952380952384 0.656084656084656 0.03670634920634921 0.051587301587301584
14 0.7301587301587301 0.6534391534391535 0.03273809523809524 0.037037037037037035
14 0.689484126984127 0.5952380952380952 0.04365079365079365 0.06481481481481481
14 0.6646825396825397 0.4775132275132275 0.05654761904761905 0.04497354497354497
14 0.6448412698412699 0.3862433862433862 0.06448412698412699 0.09126984126984126
14 0.558531746031746 0.5291005291005291 0.09523809523809523 0.12301587301587301
14 0.5337301587301587 0.6071428571428571 0.023809523809523808 0.018518518518518517
14 0.5486111111111112 0.6640211640211641 0.057539682539682536 0.07671957671957672