3 0.21626984126984128 0.6838624338624338 0.20238095238095238 0.25132275132275134
13 0.5089285714285714 0.708994708994709 0.07738095238095238 0.07275132275132275
13 0.623015873015873 0.7208994708994709 0.14484126984126985 0.2777777777777778
13 0.4503968253968254 0.6798941798941799 0.026785714285714284 0.056878306878306875
13 0.4861111111111111 0.47883597883597884 0.14583333333333334 0.22354497354497355
15 0.29464285714285715 0.40476190476190477 0.13095238095238096 0.03571428571428571
15 0.2837301587301587 0.3201058201058201 0.12003968253968254 0.09656084656084656
0 0.5535714285714286 0.5793650793650794 0.1865079365079365 0.48677248677248675
1 0.6488095238095238 0.5291005291005291 0.19940476190476192 0.4695767195767196
2 0.5307539682539683 0.5026455026455027 0.17063492063492064 0.376984126984127
16 0.24603174603174602 0.35978835978835977 0.06448412698412699 0.07671957671957672
16 0.2896825396825397 0.2566137566137566 0.044642857142857144 0.05555555555555555
16 0.33630952380952384 0.36772486772486773 0.041666666666666664 0.04365079365079365
14 0.5873015873015873 0.8465608465608465 0.050595238095238096 0.07804232804232804
14 0.6726190476190477 0.7566137566137566 0.07738095238095238 0.1455026455026455
14 0.6736111111111112 0.6111111111111112 0.051587301587301584 0.07275132275132275
14 0.7142857142857143 0.6798941798941799 0.03968253968253968 0.04365079365079365
14 0.5714285714285714 0.6693121693121693 0.05654761904761905 0.042328042328042326
14 0.5823412698412699 0.626984126984127 0.037698412698412696 0.04497354497354497
14 0.4880952380952381 0.6018518518518519 0.03869047619047619 0.07142857142857142
14 0.4573412698412698 0.6190476190476191 0.027777777777777776 0.03571428571428571
14 0.49007936507936506 0.5238095238095238 0.09821428571428571 0.06746031746031746
14 0.6309523809523809 0.455026455026455 0.028769841269841268 0.04365079365079365
14 0.4593253968253968 0.4365079365079365 0.03571428571428571 0.03439153439153439
14 0.5109126984126984 0.40476190476190477 0.057539682539682536 0.10846560846560846