3 0.1884920634920635 0.2275132275132275 0.2013888888888889 0.2566137566137566
13 0.48908730158730157 0.8015873015873016 0.047619047619047616 0.03571428571428571
13 0.5376984126984127 0.7513227513227513 0.044642857142857144 0.11243386243386243
13 0.5982142857142857 0.6150793650793651 0.12896825396825398 0.30687830687830686
13 0.3869047619047619 0.6613756613756614 0.1636904761904762 0.26322751322751325
15 0.7440476190476191 0.3412698412698413 0.07242063492063493 0.15079365079365079
15 0.7966269841269841 0.30687830687830686 0.06746031746031746 0.1574074074074074
0 0.4642857142857143 0.6349206349206349 0.2400793650793651 0.46296296296296297
1 0.48412698412698413 0.5013227513227513 0.22420634920634921 0.455026455026455
2 0.39880952380952384 0.6190476190476191 0.18055555555555555 0.3835978835978836
16 0.75 0.2843915343915344 0.05853174603174603 0.07142857142857142
16 0.7797619047619048 0.3835978835978836 0.034722222222222224 0.051587301587301584
16 0.8432539682539683 0.28835978835978837 0.03869047619047619 0.062169312169312166
14 0.43452380952380953 0.4708994708994709 0.03869047619047619 0.04365079365079365
14 0.39087301587301587 0.6481481481481481 0.1765873015873016 0.1931216931216931
14 0.44642857142857145 0.7658730158730159 0.03273809523809524 0.037037037037037035
14 0.5138888888888888 0.6203703703703703 0.026785714285714284 0.05555555555555555
14 0.5436507936507936 0.6653439153439153 0.044642857142857144 0.0873015873015873
14 0.5515873015873016 0.5066137566137566 0.0625 0.04497354497354497
14 0.6150793650793651 0.4973544973544973 0.0248015873015873 0.041005291005291
14 0.6507936507936508 0.58994708994709 0.0744047619047619 0.07539682539682539
14 0.6597222222222222 0.7314814814814815 0.03571428571428571 0.08465608465608465