3 0.7638888888888888 0.15211640211640212 0.1875 0.2804232804232804
13 0.5873015873015873 0.6772486772486772 0.11904761904761904 0.3306878306878307
13 0.5099206349206349 0.6931216931216931 0.06547619047619048 0.0873015873015873
13 0.4801587301587302 0.582010582010582 0.09325396825396826 0.08333333333333333
13 0.48214285714285715 0.5026455026455027 0.1498015873015873 0.19444444444444445
15 0.2777777777777778 0.4193121693121693 0.13194444444444445 0.03968253968253968
15 0.26785714285714285 0.3333333333333333 0.12003968253968254 0.09656084656084656
0 0.48412698412698413 0.6904761904761905 0.29464285714285715 0.4246031746031746
1 0.7579365079365079 0.6283068783068783 0.2767857142857143 0.4523809523809524
2 0.5059523809523809 0.58994708994709 0.2361111111111111 0.33465608465608465
16 0.23015873015873015 0.373015873015873 0.06349206349206349 0.07142857142857142
16 0.2748015873015873 0.2671957671957672 0.047619047619047616 0.05555555555555555
16 0.32043650793650796 0.38095238095238093 0.041666666666666664 0.046296296296296294
14 0.6726190476190477 0.6640211640211641 0.11805555555555555 0.09523809523809523
14 0.44146825396825395 0.6362433862433863 0.025793650793650792 0.04497354497354497
14 0.4751984126984127 0.6137566137566137 0.03968253968253968 0.07275132275132275
14 0.48115079365079366 0.5370370370370371 0.10515873015873016 0.06349206349206349
14 0.49007936507936506 0.42857142857142855 0.11805555555555555 0.10978835978835978
14 0.6507936507936508 0.4351851851851852 0.0625 0.06084656084656084
14 0.6309523809523809 0.4880952380952381 0.031746031746031744 0.023809523809523808