3 0.7956349206349206 0.1574074074074074 0.1736111111111111 0.24867724867724866
13 0.5277777777777778 0.6666666666666666 0.10813492063492064 0.16005291005291006
13 0.6329365079365079 0.708994708994709 0.1359126984126984 0.19444444444444445
13 0.5029761904761905 0.5251322751322751 0.07539682539682539 0.03968253968253968
13 0.4871031746031746 0.5648148148148148 0.06746031746031746 0.03968253968253968
13 0.5436507936507936 0.4365079365079365 0.06845238095238096 0.03571428571428571
13 0.5873015873015873 0.45634920634920634 0.06448412698412699 0.08465608465608465
15 0.29365079365079366 0.6058201058201058 0.07936507936507936 0.1335978835978836
15 0.3492063492063492 0.328042328042328 0.11011904761904762 0.08465608465608465
0 0.9057539682539683 0.4444444444444444 0.07936507936507936 0.4748677248677249
1 0.7361111111111112 0.6335978835978836 0.37896825396825395 0.16666666666666666
2 0.32936507936507936 0.6851851851851852 0.18948412698412698 0.32936507936507936
16 0.38591269841269843 0.3835978835978836 0.03571428571428571 0.046296296296296294
16 0.3472222222222222 0.2698412698412698 0.037698412698412696 0.04894179894179894
16 0.3869047619047619 0.2724867724867725 0.04265873015873016 0.08333333333333333
14 0.5089285714285714 0.7129629629629629 0.021825396825396824 0.047619047619047616
14 0.6746031746031746 0.44576719576719576 0.050595238095238096 0.07671957671957672
14 0.7202380952380952 0.6216931216931217 0.06944444444444445 0.09126984126984126
14 0.6259920634920635 0.6402116402116402 0.09722222222222222 0.056878306878306875
14 0.5486111111111112 0.4523809523809524 0.07936507936507936 0.17592592592592593