3 0.29563492063492064 0.6746031746031746 0.18353174603174602 0.1984126984126984
13 0.5317460317460317 0.5105820105820106 0.14781746031746032 0.1984126984126984
13 0.5486111111111112 0.6626984126984127 0.05555555555555555 0.08465608465608465
13 0.6240079365079365 0.6402116402116402 0.12301587301587301 0.294973544973545
13 0.625 0.7328042328042328 0.051587301587301584 0.1111111111111111
15 0.3531746031746032 0.42724867724867727 0.10416666666666667 0.03968253968253968
15 0.3462301587301587 0.35714285714285715 0.09722222222222222 0.07936507936507936
0 0.5267857142857143 0.6534391534391535 0.24603174603174602 0.373015873015873
1 0.7837301587301587 0.6071428571428571 0.2708333333333333 0.4312169312169312
2 0.5436507936507936 0.5634920634920635 0.19940476190476192 0.3055555555555556
16 0.31547619047619047 0.3955026455026455 0.050595238095238096 0.06349206349206349
16 0.3472222222222222 0.29894179894179895 0.03670634920634921 0.041005291005291
16 0.3869047619047619 0.3968253968253968 0.03571428571428571 0.037037037037037035
14 0.7123015873015873 0.6296296296296297 0.09325396825396826 0.09788359788359788
14 0.6706349206349206 0.43386243386243384 0.07043650793650794 0.0992063492063492
14 0.5267857142857143 0.4193121693121693 0.09126984126984126 0.09259259259259259
14 0.5228174603174603 0.5277777777777778 0.09722222222222222 0.0582010582010582
14 0.5198412698412699 0.5873015873015873 0.044642857142857144 0.05952380952380952
14 0.49603174603174605 0.6111111111111112 0.03968253968253968 0.03571428571428571