3 0.7976190476190477 0.7698412698412699 0.20535714285714285 0.26455026455026454
13 0.42857142857142855 0.7288359788359788 0.0248015873015873 0.09259259259259259
13 0.49404761904761907 0.671957671957672 0.08432539682539683 0.26587301587301587
13 0.31746031746031744 0.582010582010582 0.07043650793650794 0.19444444444444445
13 0.38293650793650796 0.6296296296296297 0.023809523809523808 0.04365079365079365
15 0.498015873015873 0.4880952380952381 0.11011904761904762 0.037037037037037035
15 0.751984126984127 0.2962962962962963 0.06448412698412699 0.17063492063492064
0 0.3869047619047619 0.6243386243386243 0.08928571428571429 0.4669312169312169
1 0.43452380952380953 0.4642857142857143 0.07738095238095238 0.36772486772486773
2 0.3472222222222222 0.578042328042328 0.06547619047619048 0.36772486772486773
16 0.6904761904761905 0.3055555555555556 0.05654761904761905 0.07407407407407407
16 0.7976190476190477 0.2724867724867725 0.04265873015873016 0.06481481481481481
16 0.5357142857142857 0.458994708994709 0.037698412698412696 0.03968253968253968
14 0.5228174603174603 0.7764550264550265 0.037698412698412696 0.08994708994708994
14 0.5386904761904762 0.6481481481481481 0.08531746031746032 0.10978835978835978
14 0.498015873015873 0.5476190476190477 0.04861111111111111 0.06481481481481481
14 0.4384920634920635 0.626984126984127 0.028769841269841268 0.02513227513227513
14 0.4494047619047619 0.6653439153439153 0.04563492063492063 0.06613756613756613
14 0.3531746031746032 0.708994708994709 0.022817460317460316 0.03042328042328042
14 0.37003968253968256 0.671957671957672 0.04563492063492063 0.03571428571428571
14 0.3492063492063492 0.6164021164021164 0.0744047619047619 0.06746031746031746
14 0.2976190476190476 0.5767195767195767 0.031746031746031744 0.04497354497354497
14 0.30753968253968256 0.5 0.03670634920634921 0.04497354497354497
14 0.4156746031746032 0.46825396825396826 0.027777777777777776 0.046296296296296294