3 0.20436507936507936 0.22486772486772486 0.19345238095238096 0.24603174603174602
13 0.5416666666666666 0.6349206349206349 0.09722222222222222 0.2962962962962963
13 0.32341269841269843 0.6322751322751323 0.08234126984126984 0.23809523809523808
13 0.3898809523809524 0.656084656084656 0.06547619047619048 0.0582010582010582
13 0.4801587301587302 0.7407407407407407 0.023809523809523808 0.10582010582010581
15 0.7450396825396826 0.34656084656084657 0.06746031746031746 0.14417989417989419
15 0.7966269841269841 0.30952380952380953 0.06349206349206349 0.15079365079365079
0 0.42063492063492064 0.6256613756613757 0.17956349206349206 0.47883597883597884
1 0.45535714285714285 0.5 0.1626984126984127 0.47883597883597884
2 0.35912698412698413 0.5952380952380952 0.1359126984126984 0.3955026455026455
16 0.8422619047619048 0.29365079365079366 0.037698412698412696 0.05952380952380952
16 0.7529761904761905 0.28835978835978837 0.05952380952380952 0.07407407407407407
16 0.7797619047619048 0.3888888888888889 0.03670634920634921 0.05423280423280423
14 0.5853174603174603 0.5198412698412699 0.037698412698412696 0.042328042328042326
14 0.5347222222222222 0.5092592592592593 0.037698412698412696 0.023809523809523808
14 0.5079365079365079 0.5211640211640212 0.022817460317460316 0.03835978835978836
14 0.4742063492063492 0.626984126984127 0.030753968253968252 0.03835978835978836
14 0.49206349206349204 0.6613756613756614 0.04265873015873016 0.08068783068783068
14 0.5595238095238095 0.6097883597883598 0.020833333333333332 0.07142857142857142
14 0.6071428571428571 0.6190476190476191 0.07043650793650794 0.08994708994708994
14 0.5972222222222222 0.75 0.031746031746031744 0.0873015873015873
14 0.38591269841269843 0.7447089947089947 0.03373015873015873 0.037037037037037035
14 0.39880952380952384 0.7037037037037037 0.05654761904761905 0.041005291005291
14 0.38392857142857145 0.6296296296296297 0.0496031746031746 0.046296296296296294
14 0.3353174603174603 0.6653439153439153 0.037698412698412696 0.06613756613756613
14 0.4126984126984127 0.4603174603174603 0.028769841269841268 0.04894179894179894
14 0.2906746031746032 0.5714285714285714 0.037698412698412696 0.14153439153439154
14 0.31746031746031744 0.5806878306878307 0.0248015873015873 0.06878306878306878
14 0.3373015873015873 0.5304232804232805 0.023809523809523808 0.026455026455026454