3 0.19940476190476192 0.2447089947089947 0.1865079365079365 0.2328042328042328
13 0.376984126984127 0.7142857142857143 0.03869047619047619 0.046296296296296294
13 0.43452380952380953 0.6984126984126984 0.041666666666666664 0.0992063492063492
13 0.373015873015873 0.582010582010582 0.06349206349206349 0.046296296296296294
13 0.5238095238095238 0.6309523809523809 0.09325396825396826 0.2751322751322751
13 0.3134920634920635 0.5343915343915344 0.09027777777777778 0.2526455026455027
15 0.5297619047619048 0.4523809523809524 0.12202380952380952 0.05026455026455026
15 0.7757936507936508 0.3029100529100529 0.060515873015873016 0.15343915343915343
0 0.4037698412698413 0.5687830687830688 0.09126984126984126 0.49603174603174605
1 0.4642857142857143 0.4656084656084656 0.08134920634920635 0.5013227513227513
2 0.3492063492063492 0.5238095238095238 0.06944444444444445 0.39814814814814814
16 0.5654761904761905 0.4298941798941799 0.03670634920634921 0.04497354497354497
16 0.7222222222222222 0.30158730158730157 0.05555555555555555 0.07539682539682539
16 0.8194444444444444 0.2962962962962963 0.03670634920634921 0.06746031746031746
14 0.5436507936507936 0.7380952380952381 0.028769841269841268 0.0873015873015873
14 0.5684523809523809 0.6190476190476191 0.0873015873015873 0.10714285714285714
14 0.5168650793650794 0.5066137566137566 0.0496031746031746 0.06349206349206349
14 0.45634920634920634 0.5846560846560847 0.03571428571428571 0.03571428571428571
14 0.4623015873015873 0.6243386243386243 0.04265873015873016 0.0582010582010582
14 0.3531746031746032 0.6640211640211641 0.0248015873015873 0.027777777777777776
14 0.37202380952380953 0.6256613756613757 0.0496031746031746 0.042328042328042326
14 0.34523809523809523 0.5701058201058201 0.0992063492063492 0.06878306878306878
14 0.2857142857142857 0.5238095238095238 0.034722222222222224 0.03835978835978836
14 0.3244047619047619 0.458994708994709 0.07539682539682539 0.09523809523809523
14 0.42857142857142855 0.4113756613756614 0.027777777777777776 0.047619047619047616