3 0.75 0.15608465608465608 0.1775793650793651 0.2526455026455027
13 0.4494047619047619 0.5714285714285714 0.06944444444444445 0.0992063492063492
13 0.5367063492063492 0.4708994708994709 0.1527777777777778 0.17063492063492064
13 0.5476190476190477 0.7037037037037037 0.1597222222222222 0.291005291005291
15 0.3333333333333333 0.3716931216931217 0.11607142857142858 0.06084656084656084
15 0.36507936507936506 0.31746031746031744 0.11011904761904762 0.08862433862433862
0 0.8601190476190477 0.43915343915343913 0.06944444444444445 0.46164021164021163
1 0.7152777777777778 0.5370370370370371 0.32142857142857145 0.27645502645502645
2 0.38095238095238093 0.20238095238095238 0.25297619047619047 0.24074074074074073
16 0.3958333333333333 0.35185185185185186 0.031746031746031744 0.046296296296296294
16 0.37103174603174605 0.24867724867724866 0.05952380952380952 0.05555555555555555
16 0.3055555555555556 0.2843915343915344 0.03968253968253968 0.05291005291005291
14 0.44246031746031744 0.6534391534391535 0.020833333333333332 0.03835978835978836
14 0.498015873015873 0.6283068783068783 0.05952380952380952 0.13227513227513227
14 0.6309523809523809 0.6706349206349206 0.13988095238095238 0.08994708994708994
14 0.621031746031746 0.5264550264550265 0.06646825396825397 0.07539682539682539
14 0.5357142857142857 0.5264550264550265 0.054563492063492064 0.037037037037037035
14 0.501984126984127 0.5092592592592593 0.08234126984126984 0.10846560846560846
14 0.5059523809523809 0.42328042328042326 0.05853174603174603 0.06349206349206349