3 0.8690476190476191 0.2962962962962963 0.19345238095238096 0.2208994708994709
13 0.7222222222222222 0.5648148148148148 0.08531746031746032 0.15343915343915343
13 0.6140873015873016 0.6428571428571429 0.12698412698412698 0.14417989417989419
15 0.2876984126984127 0.36772486772486773 0.04265873015873016 0.15211640211640212
15 0.3392857142857143 0.39285714285714285 0.07837301587301587 0.13227513227513227
0 0.33035714285714285 0.7420634920634921 0.2123015873015873 0.4365079365079365
1 0.6349206349206349 0.8253968253968254 0.2867063492063492 0.3478835978835979
2 0.4305555555555556 0.2830687830687831 0.2767857142857143 0.10052910052910052
16 0.3125 0.31216931216931215 0.031746031746031744 0.047619047619047616
16 0.3611111111111111 0.32671957671957674 0.040674603174603176 0.05026455026455026
16 0.39285714285714285 0.37037037037037035 0.04365079365079365 0.07539682539682539
14 0.628968253968254 0.5264550264550265 0.07043650793650794 0.10317460317460317
14 0.5367063492063492 0.656084656084656 0.02976190476190476 0.03306878306878307
14 0.5843253968253969 0.705026455026455 0.07539682539682539 0.05026455026455026
14 0.7182539682539683 0.7724867724867724 0.028769841269841268 0.03835978835978836
14 0.7162698412698413 0.6097883597883598 0.07837301587301587 0.05026455026455026
14 0.6428571428571429 0.6851851851851852 0.03571428571428571 0.051587301587301584
14 0.6825396825396826 0.6944444444444444 0.03869047619047619 0.05555555555555555