3 0.21031746031746032 0.23015873015873015 0.18551587301587302 0.23941798941798942
13 0.5208333333333334 0.6190476190476191 0.06349206349206349 0.2724867724867725
13 0.44543650793650796 0.6878306878306878 0.031746031746031744 0.10978835978835978
13 0.3472222222222222 0.5238095238095238 0.13293650793650794 0.25
15 0.5396825396825397 0.4417989417989418 0.12400793650793651 0.05291005291005291
15 0.7847222222222222 0.291005291005291 0.05952380952380952 0.15476190476190477
0 0.4126984126984127 0.5595238095238095 0.0873015873015873 0.48677248677248675
1 0.47023809523809523 0.44841269841269843 0.0744047619047619 0.4947089947089947
2 0.3611111111111111 0.5105820105820106 0.07242063492063493 0.3994708994708995
16 0.5744047619047619 0.4166666666666667 0.03968253968253968 0.042328042328042326
16 0.7331349206349206 0.291005291005291 0.05555555555555555 0.07275132275132275
16 0.8293650793650794 0.2830687830687831 0.03670634920634921 0.062169312169312166
14 0.4365079365079365 0.4007936507936508 0.0248015873015873 0.05291005291005291
14 0.5307539682539683 0.4933862433862434 0.0496031746031746 0.05555555555555555
14 0.5813492063492064 0.6058201058201058 0.0873015873015873 0.10978835978835978
14 0.5535714285714286 0.7275132275132276 0.027777777777777776 0.082010582010582
14 0.4751984126984127 0.6164021164021164 0.061507936507936505 0.062169312169312166
14 0.4632936507936508 0.5687830687830688 0.02976190476190476 0.03968253968253968
14 0.3630952380952381 0.6521164021164021 0.034722222222222224 0.03439153439153439
14 0.37996031746031744 0.6137566137566137 0.05357142857142857 0.04894179894179894
14 0.37896825396825395 0.5462962962962963 0.05853174603174603 0.047619047619047616
14 0.3253968253968254 0.5687830687830688 0.03869047619047619 0.04894179894179894
14 0.3253968253968254 0.4722222222222222 0.09027777777777778 0.12698412698412698