3 0.7728174603174603 0.1746031746031746 0.1884920634920635 0.2526455026455027
13 0.7301587301587301 0.4523809523809524 0.15079365079365079 0.10714285714285714
13 0.5615079365079365 0.5158730158730159 0.03869047619047619 0.16005291005291006
13 0.5297619047619048 0.6375661375661376 0.1259920634920635 0.17195767195767195
15 0.34523809523809523 0.373015873015873 0.11210317460317461 0.07804232804232804
15 0.38293650793650796 0.328042328042328 0.11607142857142858 0.0701058201058201
0 0.8928571428571429 0.47354497354497355 0.12003968253968254 0.4880952380952381
1 0.7718253968253969 0.6296296296296297 0.37003968253968256 0.25
2 0.41865079365079366 0.21957671957671956 0.28273809523809523 0.1917989417989418
16 0.40476190476190477 0.26455026455026454 0.06448412698412699 0.056878306878306875
16 0.4107142857142857 0.3783068783068783 0.03273809523809524 0.05026455026455026
16 0.32142857142857145 0.28703703703703703 0.03869047619047619 0.0582010582010582
14 0.7242063492063492 0.7156084656084656 0.034722222222222224 0.03439153439153439
14 0.6825396825396826 0.6507936507936508 0.054563492063492064 0.06746031746031746
14 0.625 0.671957671957672 0.028769841269841268 0.04365079365079365
14 0.6626984126984127 0.5304232804232805 0.06349206349206349 0.04497354497354497
14 0.6349206349206349 0.4365079365079365 0.07837301587301587 0.10978835978835978
14 0.5456349206349206 0.5767195767195767 0.10218253968253968 0.10978835978835978
14 0.5357142857142857 0.7275132275132276 0.05555555555555555 0.11375661375661375