3 0.2371031746031746 0.6812169312169312 0.19246031746031747 0.25132275132275134
13 0.5595238095238095 0.7116402116402116 0.0763888888888889 0.20238095238095238
13 0.6021825396825397 0.5952380952380952 0.051587301587301584 0.11243386243386243
13 0.4444444444444444 0.6190476190476191 0.050595238095238096 0.04365079365079365
13 0.4861111111111111 0.4973544973544973 0.1488095238095238 0.18253968253968253
15 0.2896825396825397 0.3955026455026455 0.1359126984126984 0.042328042328042326
15 0.27380952380952384 0.30952380952380953 0.12400793650793651 0.0992063492063492
0 0.49007936507936506 0.6851851851851852 0.2837301587301587 0.4087301587301587
1 0.7281746031746031 0.6137566137566137 0.23511904761904762 0.4113756613756614
2 0.5099206349206349 0.5767195767195767 0.21924603174603174 0.31613756613756616
16 0.28273809523809523 0.24338624338624337 0.04563492063492063 0.05423280423280423
16 0.3333333333333333 0.36243386243386244 0.03869047619047619 0.042328042328042326
16 0.2361111111111111 0.34656084656084657 0.0625 0.06746031746031746
14 0.6329365079365079 0.4312169312169312 0.0625 0.04365079365079365
14 0.6656746031746031 0.6402116402116402 0.08333333333333333 0.10317460317460317
14 0.4771825396825397 0.5978835978835979 0.03968253968253968 0.07804232804232804
14 0.48412698412698413 0.5277777777777778 0.09523809523809523 0.07142857142857142
14 0.49007936507936506 0.4444444444444444 0.10416666666666667 0.04894179894179894
14 0.5059523809523809 0.4060846560846561 0.06646825396825397 0.07671957671957672