3 0.7658730158730159 0.15079365079365079 0.18154761904761904 0.2791005291005291
13 0.5059523809523809 0.43386243386243384 0.07936507936507936 0.03571428571428571
13 0.5555555555555556 0.4576719576719577 0.07242063492063493 0.0873015873015873
13 0.47023809523809523 0.5291005291005291 0.0744047619047619 0.037037037037037035
13 0.4523809523809524 0.5740740740740741 0.06845238095238096 0.046296296296296294
13 0.48908730158730157 0.6825396825396826 0.12301587301587301 0.1746031746031746
13 0.6121031746031746 0.7222222222222222 0.11904761904761904 0.19047619047619047
15 0.32837301587301587 0.3835978835978836 0.12103174603174603 0.05291005291005291
15 0.3680555555555556 0.3412698412698413 0.10912698412698413 0.08068783068783068
0 0.876984126984127 0.4417989417989418 0.08234126984126984 0.4828042328042328
1 0.7073412698412699 0.6375661375661376 0.38492063492063494 0.16005291005291006
2 0.2916666666666667 0.6957671957671958 0.21329365079365079 0.32142857142857145
16 0.4017857142857143 0.36772486772486773 0.03373015873015873 0.04365079365079365
16 0.38591269841269843 0.2671957671957672 0.0496031746031746 0.07936507936507936
16 0.3333333333333333 0.24603174603174602 0.03670634920634921 0.05952380952380952
14 0.6448412698412699 0.42857142857142855 0.03968253968253968 0.03968253968253968
14 0.6458333333333334 0.4656084656084656 0.05357142857142857 0.03968253968253968
14 0.5238095238095238 0.3968253968253968 0.05952380952380952 0.0701058201058201
14 0.5178571428571429 0.48544973544973546 0.07936507936507936 0.12962962962962962
14 0.4781746031746032 0.7222222222222222 0.0248015873015873 0.046296296296296294
14 0.48115079365079366 0.6243386243386243 0.037698412698412696 0.037037037037037035
14 0.6428571428571429 0.6243386243386243 0.1746031746031746 0.09391534391534391
14 0.5773809523809523 0.5661375661375662 0.028769841269841268 0.03835978835978836