3 0.810515873015873 0.20634920634920634 0.19642857142857142 0.26851851851851855
13 0.6160714285714286 0.4669312169312169 0.03373015873015873 0.11904761904761904
13 0.5793650793650794 0.5740740740740741 0.24603174603174602 0.1931216931216931
15 0.19246031746031747 0.2857142857142857 0.03869047619047619 0.14947089947089948
15 0.24603174603174602 0.31216931216931215 0.07837301587301587 0.1335978835978836
0 0.2222222222222222 0.6812169312169312 0.21031746031746032 0.46296296296296297
1 0.5436507936507936 0.7751322751322751 0.3273809523809524 0.36243386243386244
2 0.33630952380952384 0.19047619047619047 0.26587301587301587 0.08597883597883597
16 0.2222222222222222 0.23015873015873015 0.037698412698412696 0.041005291005291
16 0.26785714285714285 0.24603174603174602 0.04563492063492063 0.05423280423280423
16 0.3005952380952381 0.291005291005291 0.041666666666666664 0.07804232804232804
14 0.6408730158730159 0.7195767195767195 0.040674603174603176 0.03571428571428571
14 0.5436507936507936 0.45634920634920634 0.0763888888888889 0.10052910052910052
14 0.621031746031746 0.541005291005291 0.10615079365079365 0.05291005291005291
14 0.49206349206349204 0.6428571428571429 0.0744047619047619 0.05952380952380952
14 0.44642857142857145 0.5952380952380952 0.040674603174603176 0.04365079365079365
14 0.4880952380952381 0.5555555555555556 0.027777777777777776 0.062169312169312166
14 0.5555555555555556 0.6177248677248677 0.03273809523809524 0.07936507936507936
14 0.6091269841269841 0.626984126984127 0.07043650793650794 0.07539682539682539