3 0.7748015873015873 0.12698412698412698 0.1765873015873016 0.25
13 0.7261904761904762 0.41005291005291006 0.1775793650793651 0.10185185185185185
13 0.5654761904761905 0.4603174603174603 0.05654761904761905 0.15079365079365079
13 0.5347222222222222 0.5978835978835979 0.12896825396825398 0.18121693121693122
13 0.625 0.6322751322751323 0.044642857142857144 0.041005291005291
15 0.30952380952380953 0.7354497354497355 0.13194444444444445 0.05423280423280423
15 0.3392857142857143 0.6574074074074074 0.11607142857142858 0.12169312169312169
0 0.9087301587301587 0.4312169312169312 0.13988095238095238 0.4894179894179894
1 0.7876984126984127 0.5846560846560847 0.39186507936507936 0.2552910052910053
2 0.25595238095238093 0.5211640211640212 0.12400793650793651 0.4126984126984127
16 0.2638888888888889 0.6931216931216931 0.037698412698412696 0.051587301587301584
16 0.2847222222222222 0.623015873015873 0.047619047619047616 0.05555555555555555
16 0.3194444444444444 0.578042328042328 0.06547619047619048 0.05291005291005291
14 0.7380952380952381 0.6746031746031746 0.03273809523809524 0.03439153439153439
14 0.6904761904761905 0.6097883597883598 0.05853174603174603 0.07142857142857142
14 0.6329365079365079 0.6322751322751323 0.03670634920634921 0.05555555555555555
14 0.5446428571428571 0.5132275132275133 0.09325396825396826 0.0873015873015873
14 0.5873015873015873 0.5793650793650794 0.030753968253968252 0.062169312169312166
14 0.5406746031746031 0.6904761904761905 0.06547619047619048 0.08465608465608465
14 0.6696428571428571 0.4828042328042328 0.061507936507936505 0.05291005291005291
14 0.6408730158730159 0.39021164021164023 0.06944444444444445 0.10582010582010581