3 0.7688492063492064 0.15079365079365079 0.19047619047619047 0.2830687830687831
13 0.7242063492063492 0.42857142857142855 0.1597222222222222 0.11904761904761904
13 0.560515873015873 0.48677248677248675 0.06746031746031746 0.167989417989418
13 0.5277777777777778 0.6164021164021164 0.14384920634920634 0.17592592592592593
13 0.6111111111111112 0.6481481481481481 0.05257936507936508 0.04365079365079365
15 0.34325396825396826 0.3425925925925926 0.11607142857142858 0.07936507936507936
15 0.376984126984127 0.2962962962962963 0.11805555555555555 0.07671957671957672
0 0.8888888888888888 0.4417989417989418 0.12202380952380952 0.4880952380952381
1 0.7678571428571429 0.5992063492063492 0.3680555555555556 0.25396825396825395
2 0.4126984126984127 0.19047619047619047 0.2867063492063492 0.20238095238095238
16 0.31547619047619047 0.25793650793650796 0.03571428571428571 0.0582010582010582
16 0.39880952380952384 0.2328042328042328 0.061507936507936505 0.05423280423280423
16 0.40674603174603174 0.3478835978835979 0.034722222222222224 0.05291005291005291
14 0.7222222222222222 0.6851851851851852 0.030753968253968252 0.031746031746031744
14 0.6785714285714286 0.6243386243386243 0.057539682539682536 0.07275132275132275
14 0.621031746031746 0.6455026455026455 0.028769841269841268 0.037037037037037035
14 0.6587301587301587 0.5013227513227513 0.05853174603174603 0.047619047619047616
14 0.6349206349206349 0.4087301587301587 0.06944444444444445 0.10582010582010581
14 0.5694444444444444 0.5343915343915344 0.030753968253968252 0.05555555555555555
14 0.503968253968254 0.5357142857142857 0.028769841269841268 0.03968253968253968
14 0.5555555555555556 0.5370370370370371 0.07738095238095238 0.09126984126984126
14 0.5773809523809523 0.5978835978835979 0.026785714285714284 0.07275132275132275
14 0.5287698412698413 0.6984126984126984 0.06547619047619048 0.09126984126984126