3 0.8055555555555556 0.21428571428571427 0.19543650793650794 0.2791005291005291
13 0.5714285714285714 0.582010582010582 0.25595238095238093 0.17063492063492064
13 0.6091269841269841 0.4669312169312169 0.044642857142857144 0.12169312169312169
15 0.18452380952380953 0.28703703703703703 0.04265873015873016 0.15079365079365079
15 0.2390873015873016 0.3148148148148148 0.08134920634920635 0.13624338624338625
0 0.21428571428571427 0.6838624338624338 0.2152777777777778 0.4708994708994709
1 0.5376984126984127 0.7791005291005291 0.33035714285714285 0.36507936507936506
2 0.32936507936507936 0.1984126984126984 0.2708333333333333 0.10185185185185185
16 0.2123015873015873 0.2275132275132275 0.037698412698412696 0.041005291005291
16 0.25892857142857145 0.24603174603174602 0.041666666666666664 0.05423280423280423
16 0.29365079365079366 0.28835978835978837 0.040674603174603176 0.08333333333333333
14 0.6369047619047619 0.7222222222222222 0.034722222222222224 0.03571428571428571
14 0.44246031746031744 0.5978835978835979 0.03670634920634921 0.03306878306878307
14 0.48412698412698413 0.6481481481481481 0.08035714285714286 0.05423280423280423
14 0.6061507936507936 0.6441798941798942 0.08928571428571429 0.09259259259259259
14 0.5515873015873016 0.6296296296296297 0.03273809523809524 0.05952380952380952
14 0.5416666666666666 0.455026455026455 0.07242063492063493 0.09391534391534391