3 0.873015873015873 0.7328042328042328 0.21825396825396826 0.22883597883597884
13 0.5357142857142857 0.6177248677248677 0.08630952380952381 0.28835978835978837
13 0.44841269841269843 0.6798941798941799 0.037698412698412696 0.12301587301587301
13 0.3492063492063492 0.5132275132275133 0.13988095238095238 0.27645502645502645
15 0.5505952380952381 0.43386243386243384 0.125 0.04894179894179894
15 0.8015873015873016 0.291005291005291 0.054563492063492064 0.15476190476190477
0 0.41865079365079366 0.5529100529100529 0.08630952380952381 0.503968253968254
1 0.48214285714285715 0.4417989417989418 0.07242063492063493 0.5092592592592593
2 0.36706349206349204 0.5026455026455027 0.07142857142857142 0.4113756613756614
16 0.5863095238095238 0.41005291005291006 0.037698412698412696 0.041005291005291
16 0.748015873015873 0.2896825396825397 0.05654761904761905 0.07407407407407407
16 0.8472222222222222 0.2830687830687831 0.03571428571428571 0.0582010582010582
14 0.4444444444444444 0.39021164021164023 0.022817460317460316 0.047619047619047616
14 0.5376984126984127 0.49206349206349204 0.050595238095238096 0.0701058201058201
14 0.3333333333333333 0.42857142857142855 0.07539682539682539 0.09126984126984126
14 0.30753968253968256 0.503968253968254 0.044642857142857144 0.05026455026455026
14 0.3680555555555556 0.6481481481481481 0.03968253968253968 0.03042328042328042
14 0.38392857142857145 0.6111111111111112 0.051587301587301584 0.04894179894179894
14 0.35912698412698413 0.5502645502645502 0.10218253968253968 0.07275132275132275
14 0.4722222222222222 0.5687830687830688 0.034722222222222224 0.037037037037037035
14 0.4801587301587302 0.6097883597883598 0.04861111111111111 0.07142857142857142
14 0.5972222222222222 0.6031746031746031 0.07837301587301587 0.12566137566137567