3 0.7718253968253969 0.14285714285714285 0.1765873015873016 0.2698412698412698
13 0.5535714285714286 0.6904761904761905 0.1359126984126984 0.18121693121693122
13 0.6001984126984127 0.5608465608465608 0.0873015873015873 0.15211640211640212
13 0.498015873015873 0.48677248677248675 0.1378968253968254 0.20238095238095238
15 0.314484126984127 0.38095238095238093 0.125 0.03968253968253968
15 0.3055555555555556 0.30158730158730157 0.11210317460317461 0.08862433862433862
0 0.8859126984126984 0.4417989417989418 0.07936507936507936 0.4973544973544973
1 0.7678571428571429 0.5925925925925926 0.26587301587301587 0.44047619047619047
2 0.5248015873015873 0.5423280423280423 0.2261904761904762 0.31613756613756616
16 0.3134920634920635 0.24074074074074073 0.04365079365079365 0.047619047619047616
16 0.2698412698412698 0.3373015873015873 0.060515873015873016 0.06878306878306878
16 0.3551587301587302 0.3478835978835979 0.03968253968253968 0.04497354497354497
14 0.6954365079365079 0.6190476190476191 0.09523809523809523 0.09126984126984126
14 0.6339285714285714 0.6243386243386243 0.03571428571428571 0.08068783068783068
14 0.5744047619047619 0.582010582010582 0.041666666666666664 0.10449735449735449
14 0.6607142857142857 0.4007936507936508 0.07043650793650794 0.05555555555555555
14 0.6428571428571429 0.4523809523809524 0.030753968253968252 0.03571428571428571
14 0.4603174603174603 0.5873015873015873 0.0248015873015873 0.03306878306878307
14 0.49503968253968256 0.5714285714285714 0.03571428571428571 0.06481481481481481
14 0.5 0.503968253968254 0.10119047619047619 0.06084656084656084
14 0.48115079365079366 0.41005291005291006 0.03571428571428571 0.027777777777777776
14 0.5277777777777778 0.37433862433862436 0.0625 0.06878306878306878
14 0.5248015873015873 0.42592592592592593 0.057539682539682536 0.02513227513227513