3 0.26785714285714285 0.753968253968254 0.18452380952380953 0.21825396825396826
13 0.7559523809523809 0.4021164021164021 0.14682539682539683 0.10978835978835978
13 0.6051587301587301 0.4497354497354497 0.047619047619047616 0.15343915343915343
13 0.5753968253968254 0.582010582010582 0.12797619047619047 0.1865079365079365
15 0.2867063492063492 0.28174603174603174 0.04563492063492063 0.14814814814814814
15 0.33630952380952384 0.30423280423280424 0.0873015873015873 0.12037037037037036
0 0.3253968253968254 0.6349206349206349 0.21726190476190477 0.4087301587301587
1 0.8015873015873016 0.5595238095238095 0.35912698412698413 0.2275132275132275
2 0.4156746031746032 0.18915343915343916 0.2619047619047619 0.09523809523809523
16 0.30456349206349204 0.22354497354497355 0.03373015873015873 0.037037037037037035
16 0.3501984126984127 0.2328042328042328 0.03968253968253968 0.04497354497354497
16 0.3869047619047619 0.2698412698412698 0.040674603174603176 0.07671957671957672
14 0.7589285714285714 0.6428571428571429 0.03373015873015873 0.03042328042328042
14 0.7172619047619048 0.5846560846560847 0.05357142857142857 0.06746031746031746
14 0.6646825396825397 0.6084656084656085 0.023809523809523808 0.037037037037037035
14 0.6944444444444444 0.47354497354497355 0.05654761904761905 0.03968253968253968
14 0.6706349206349206 0.3835978835978836 0.0625 0.09788359788359788
14 0.5476190476190477 0.5052910052910053 0.026785714285714284 0.03835978835978836
14 0.5734126984126984 0.6640211640211641 0.05654761904761905 0.07671957671957672
14 0.6051587301587301 0.6243386243386243 0.04265873015873016 0.03835978835978836
14 0.5932539682539683 0.5026455026455027 0.0625 0.08465608465608465
14 0.6170634920634921 0.5648148148148148 0.034722222222222224 0.06613756613756613
14 0.5575396825396826 0.6031746031746031 0.026785714285714284 0.023809523809523808