3 0.7301587301587301 0.21164021164021163 0.1597222222222222 0.2447089947089947
13 0.5079365079365079 0.6878306878306878 0.06944444444444445 0.08862433862433862
13 0.560515873015873 0.7156084656084656 0.07539682539682539 0.13756613756613756
13 0.6071428571428571 0.7883597883597884 0.07837301587301587 0.13095238095238096
13 0.49206349206349204 0.5370370370370371 0.15575396825396826 0.17063492063492064
15 0.30357142857142855 0.4470899470899471 0.12003968253968254 0.03571428571428571
15 0.29563492063492064 0.3716931216931217 0.11011904761904762 0.0873015873015873
0 0.8492063492063492 0.4894179894179894 0.08432539682539683 0.45634920634920634
1 0.685515873015873 0.6693121693121693 0.36706349206349204 0.18783068783068782
2 0.5059523809523809 0.6216931216931217 0.2123015873015873 0.3055555555555556
16 0.2619047619047619 0.4074074074074074 0.054563492063492064 0.0701058201058201
16 0.30158730158730157 0.3148148148148148 0.03968253968253968 0.046296296296296294
16 0.34424603174603174 0.414021164021164 0.03571428571428571 0.042328042328042326
14 0.626984126984127 0.4894179894179894 0.04365079365079365 0.07804232804232804
14 0.4503968253968254 0.6375661375661376 0.026785714285714284 0.03835978835978836
14 0.47619047619047616 0.6150793650793651 0.031746031746031744 0.05555555555555555
14 0.5525793650793651 0.6626984126984127 0.037698412698412696 0.05026455026455026
14 0.6428571428571429 0.6587301587301587 0.14285714285714285 0.09391534391534391
14 0.48115079365079366 0.5515873015873016 0.0992063492063492 0.0582010582010582
14 0.49603174603174605 0.4497354497354497 0.09126984126984126 0.0873015873015873