3 0.8809523809523809 0.20238095238095238 0.2123015873015873 0.24603174603174602
13 0.6795634920634921 0.45634920634920634 0.03571428571428571 0.10846560846560846
13 0.6636904761904762 0.5264550264550265 0.20833333333333334 0.09656084656084656
13 0.6051587301587301 0.6084656084656085 0.1527777777777778 0.0992063492063492
15 0.25595238095238093 0.26587301587301587 0.041666666666666664 0.16137566137566137
15 0.31547619047619047 0.30158730158730157 0.08432539682539683 0.14682539682539683
0 0.2986111111111111 0.6640211640211641 0.21825396825396826 0.45105820105820105
1 0.6170634920634921 0.7566137566137566 0.30456349206349204 0.35185185185185186
2 0.40674603174603174 0.1746031746031746 0.2876984126984127 0.09523809523809523
16 0.2837301587301587 0.21164021164021163 0.03273809523809524 0.04497354497354497
16 0.3343253968253968 0.23015873015873015 0.04563492063492063 0.05555555555555555
16 0.36706349206349204 0.27380952380952384 0.04265873015873016 0.082010582010582
14 0.6170634920634921 0.4444444444444444 0.07142857142857142 0.09259259259259259
14 0.5218253968253969 0.5833333333333334 0.030753968253968252 0.03439153439153439
14 0.5615079365079365 0.5476190476190477 0.023809523809523808 0.056878306878306875
14 0.5615079365079365 0.6322751322751323 0.07242063492063493 0.04894179894179894
14 0.6527777777777778 0.6216931216931217 0.09424603174603174 0.08068783068783068
14 0.6934523809523809 0.5317460317460317 0.07341269841269842 0.04894179894179894
14 0.7053571428571429 0.7037037037037037 0.031746031746031744 0.03571428571428571