3 0.7787698412698413 0.167989417989418 0.1765873015873016 0.24867724867724866
13 0.5575396825396826 0.4669312169312169 0.11607142857142858 0.082010582010582
13 0.49603174603174605 0.5396825396825397 0.061507936507936505 0.047619047619047616
13 0.4791666666666667 0.5793650793650794 0.06746031746031746 0.03968253968253968
13 0.5178571428571429 0.6851851851851852 0.10714285714285714 0.16005291005291006
13 0.6369047619047619 0.7301587301587301 0.13392857142857142 0.1917989417989418
15 0.30257936507936506 0.6481481481481481 0.0873015873015873 0.1349206349206349
15 0.3333333333333333 0.3492063492063492 0.11607142857142858 0.07275132275132275
0 0.8948412698412699 0.4523809523809524 0.0882936507936508 0.4695767195767196
1 0.7321428571428571 0.6441798941798942 0.38392857142857145 0.15608465608465608
2 0.31547619047619047 0.7142857142857143 0.1974206349206349 0.3333333333333333
16 0.2708333333333333 0.6150793650793651 0.0496031746031746 0.07936507936507936
16 0.373015873015873 0.3955026455026455 0.034722222222222224 0.03968253968253968
16 0.3333333333333333 0.2804232804232804 0.04265873015873016 0.04894179894179894
14 0.6666666666666666 0.45634920634920634 0.04662698412698413 0.07671957671957672
14 0.5376984126984127 0.4669312169312169 0.08234126984126984 0.18783068783068782
14 0.5049603174603174 0.7314814814814815 0.031746031746031744 0.05026455026455026
14 0.5059523809523809 0.6322751322751323 0.044642857142857144 0.03968253968253968
14 0.6706349206349206 0.626984126984127 0.16567460317460317 0.0992063492063492