3 0.7430555555555556 0.12433862433862433 0.17857142857142858 0.23677248677248677
13 0.44246031746031744 0.49074074074074076 0.050595238095238096 0.03968253968253968
13 0.43253968253968256 0.5423280423280423 0.06646825396825397 0.03439153439153439
13 0.4742063492063492 0.6428571428571429 0.09226190476190477 0.1574074074074074
13 0.5912698412698413 0.6931216931216931 0.13988095238095238 0.18386243386243387
13 0.4851190476190476 0.40476190476190477 0.06746031746031746 0.0291005291005291
13 0.5386904761904762 0.42328042328042326 0.06349206349206349 0.07804232804232804
15 0.3194444444444444 0.3478835978835979 0.12400793650793651 0.06084656084656084
15 0.3472222222222222 0.28835978835978837 0.12202380952380952 0.09126984126984126
0 0.8630952380952381 0.4007936507936508 0.08630952380952381 0.48412698412698413
1 0.6924603174603174 0.6018518518518519 0.38492063492063494 0.15079365079365079
2 0.3601190476190476 0.167989417989418 0.25396825396825395 0.25925925925925924
16 0.38095238095238093 0.32275132275132273 0.034722222222222224 0.04497354497354497
16 0.2847222222222222 0.2566137566137566 0.04365079365079365 0.05423280423280423
16 0.3501984126984127 0.21957671957671956 0.06944444444444445 0.056878306878306875
14 0.6309523809523809 0.41534391534391535 0.05654761904761905 0.08862433862433862
14 0.6656746031746031 0.5873015873015873 0.09523809523809523 0.09656084656084656
14 0.498015873015873 0.4193121693121693 0.07341269841269842 0.18518518518518517
14 0.560515873015873 0.6111111111111112 0.037698412698412696 0.037037037037037035