3 0.7658730158730159 0.1349206349206349 0.1736111111111111 0.26851851851851855
13 0.5833333333333334 0.6957671957671958 0.16666666666666666 0.23677248677248677
13 0.5853174603174603 0.46296296296296297 0.09821428571428571 0.21825396825396826
13 0.5059523809523809 0.42857142857142855 0.060515873015873016 0.056878306878306875
13 0.4642857142857143 0.5396825396825397 0.07242063492063493 0.08597883597883597
15 0.3333333333333333 0.36243386243386244 0.12003968253968254 0.0582010582010582
15 0.3630952380952381 0.30423280423280424 0.11210317460317461 0.08333333333333333
0 0.878968253968254 0.4365079365079365 0.07837301587301587 0.48677248677248675
1 0.746031746031746 0.47354497354497355 0.3621031746031746 0.24206349206349206
2 0.37896825396825395 0.18518518518518517 0.25892857142857145 0.25
16 0.30158730158730157 0.2698412698412698 0.03869047619047619 0.046296296296296294
16 0.37202380952380953 0.23544973544973544 0.06349206349206349 0.05423280423280423
16 0.3968253968253968 0.3386243386243386 0.030753968253968252 0.05026455026455026
14 0.5128968253968254 0.3862433862433862 0.061507936507936505 0.0582010582010582
14 0.5168650793650794 0.5370370370370371 0.07341269841269842 0.25
14 0.5436507936507936 0.48412698412698413 0.04365079365079365 0.0291005291005291
14 0.5188492063492064 0.58994708994709 0.057539682539682536 0.1335978835978836
14 0.4652777777777778 0.6283068783068783 0.025793650793650792 0.03968253968253968
14 0.6428571428571429 0.47354497354497355 0.07043650793650794 0.07539682539682539
14 0.6676587301587301 0.6203703703703703 0.14682539682539683 0.09523809523809523