3 0.8134920634920635 0.19973544973544974 0.20932539682539683 0.29894179894179895
13 0.6587301587301587 0.4973544973544973 0.10813492063492064 0.18915343915343916
13 0.5297619047619048 0.5793650793650794 0.15575396825396826 0.18253968253968253
15 0.19642857142857142 0.291005291005291 0.03869047619047619 0.14947089947089948
15 0.2509920634920635 0.3201058201058201 0.08134920634920635 0.13095238095238096
0 0.22817460317460317 0.6825396825396826 0.20932539682539683 0.4603174603174603
1 0.5496031746031746 0.7804232804232805 0.32837301587301587 0.3664021164021164
2 0.3402777777777778 0.1984126984126984 0.2698412698412698 0.08862433862433862
16 0.30456349206349204 0.2923280423280423 0.03968253968253968 0.082010582010582
16 0.2261904761904762 0.23809523809523808 0.03670634920634921 0.046296296296296294
16 0.2728174603174603 0.25396825396825395 0.03968253968253968 0.05952380952380952
14 0.5535714285714286 0.455026455026455 0.07936507936507936 0.09656084656084656
14 0.45436507936507936 0.5978835978835979 0.04662698412698413 0.03439153439153439
14 0.49603174603174605 0.6481481481481481 0.08234126984126984 0.05555555555555555
14 0.6349206349206349 0.5396825396825397 0.08928571428571429 0.05423280423280423
14 0.6468253968253969 0.7222222222222222 0.030753968253968252 0.03306878306878307
14 0.6031746031746031 0.6349206349206349 0.11706349206349206 0.10317460317460317
14 0.49702380952380953 0.5608465608465608 0.02976190476190476 0.05952380952380952