3 0.21626984126984128 0.6746031746031746 0.20634920634920634 0.24603174603174602
13 0.5267857142857143 0.6640211640211641 0.06944444444444445 0.082010582010582
13 0.4494047619047619 0.6878306878306878 0.023809523809523808 0.02513227513227513
13 0.48412698412698413 0.5476190476190477 0.12003968253968254 0.09656084656084656
13 0.5049603174603174 0.44576719576719576 0.16071428571428573 0.10052910052910052
13 0.5992063492063492 0.6455026455026455 0.11507936507936507 0.3253968253968254
15 0.2926587301587302 0.3915343915343915 0.1349206349206349 0.03571428571428571
15 0.28075396825396826 0.30158730158730157 0.11706349206349206 0.0992063492063492
0 0.4990079365079365 0.6640211640211641 0.2996031746031746 0.421957671957672
1 0.7757936507936508 0.6031746031746031 0.28075396825396826 0.4537037037037037
2 0.5218253968253969 0.5582010582010583 0.2371031746031746 0.3386243386243386
16 0.24404761904761904 0.3439153439153439 0.060515873015873016 0.07936507936507936
16 0.2876984126984127 0.23809523809523808 0.04365079365079365 0.0582010582010582
16 0.3373015873015873 0.35185185185185186 0.04265873015873016 0.03968253968253968
14 0.6865079365079365 0.6349206349206349 0.125 0.09788359788359788
14 0.45436507936507936 0.6084656084656085 0.03273809523809524 0.042328042328042326
14 0.48908730158730157 0.5846560846560847 0.03968253968253968 0.07539682539682539
14 0.49007936507936506 0.5105820105820106 0.10416666666666667 0.05423280423280423
14 0.6607142857142857 0.40343915343915343 0.060515873015873016 0.05555555555555555
14 0.6488095238095238 0.4576719576719577 0.03273809523809524 0.03306878306878307
14 0.503968253968254 0.3941798941798942 0.10515873015873016 0.10714285714285714