3 0.8829365079365079 0.7328042328042328 0.2251984126984127 0.20767195767195767
13 0.5753968253968254 0.6296296296296297 0.07837301587301587 0.28174603174603174
13 0.49404761904761907 0.7037037037037037 0.04563492063492063 0.11904761904761904
13 0.41865079365079366 0.5661375661375662 0.07043650793650794 0.037037037037037035
13 0.3551587301587302 0.5211640211640212 0.09623015873015874 0.27645502645502645
15 0.5932539682539683 0.43915343915343913 0.11805555555555555 0.056878306878306875
15 0.8075396825396826 0.31216931216931215 0.057539682539682536 0.14417989417989419
0 0.4642857142857143 0.5608465608465608 0.1001984126984127 0.5277777777777778
1 0.5198412698412699 0.4444444444444444 0.07043650793650794 0.5264550264550265
2 0.4037698412698413 0.5052910052910053 0.07738095238095238 0.43783068783068785
16 0.623015873015873 0.41798941798941797 0.041666666666666664 0.041005291005291
16 0.7658730158730159 0.30687830687830686 0.05654761904761905 0.07407407407407407
16 0.8442460317460317 0.30687830687830686 0.02976190476190476 0.0582010582010582
14 0.4801587301587302 0.3888888888888889 0.0248015873015873 0.056878306878306875
14 0.5763888888888888 0.5013227513227513 0.0496031746031746 0.06349206349206349
14 0.5099206349206349 0.5767195767195767 0.03373015873015873 0.042328042328042326
14 0.6071428571428571 0.7354497354497355 0.026785714285714284 0.08068783068783068
14 0.628968253968254 0.6071428571428571 0.09027777777777778 0.10582010582010581
14 0.5218253968253969 0.6137566137566137 0.051587301587301584 0.07275132275132275
14 0.4037698412698413 0.6613756613756614 0.027777777777777776 0.03306878306878307
14 0.4226190476190476 0.6190476190476191 0.05853174603174603 0.04894179894179894
14 0.35119047619047616 0.42857142857142855 0.04265873015873016 0.08994708994708994
14 0.3531746031746032 0.48412698412698413 0.06646825396825397 0.0992063492063492
14 0.36706349206349204 0.5648148148148148 0.044642857142857144 0.0582010582010582
14 0.4226190476190476 0.544973544973545 0.05257936507936508 0.041005291005291