3 0.20436507936507936 0.6798941798941799 0.2152777777777778 0.2566137566137566
13 0.7103174603174603 0.6349206349206349 0.044642857142857144 0.09656084656084656
13 0.6150793650793651 0.7103174603174603 0.14682539682539683 0.2619047619047619
13 0.498015873015873 0.7063492063492064 0.06944444444444445 0.08068783068783068
13 0.4722222222222222 0.46825396825396826 0.14186507936507936 0.21296296296296297
15 0.28075396825396826 0.3941798941798942 0.13690476190476192 0.03571428571428571
15 0.26884920634920634 0.30687830687830686 0.12103174603174603 0.09391534391534391
0 0.5456349206349206 0.5701058201058201 0.18948412698412698 0.4973544973544973
1 0.6408730158730159 0.5158730158730159 0.19940476190476192 0.4748677248677249
2 0.5198412698412699 0.4894179894179894 0.1736111111111111 0.38227513227513227
16 0.32341269841269843 0.35714285714285715 0.04265873015873016 0.04497354497354497
16 0.2757936507936508 0.24338624338624337 0.04662698412698413 0.05423280423280423
16 0.23214285714285715 0.34656084656084657 0.0625 0.0701058201058201
14 0.621031746031746 0.44576719576719576 0.03273809523809524 0.04497354497354497
14 0.6676587301587301 0.6005291005291006 0.05555555555555555 0.06349206349206349
14 0.7103174603174603 0.6666666666666666 0.040674603174603176 0.037037037037037035
14 0.5803571428571429 0.8386243386243386 0.05555555555555555 0.07275132275132275
14 0.6676587301587301 0.7486772486772487 0.07738095238095238 0.1388888888888889
14 0.5615079365079365 0.6653439153439153 0.06646825396825397 0.03968253968253968
14 0.5734126984126984 0.6190476190476191 0.04662698412698413 0.03439153439153439
14 0.44246031746031744 0.6084656084656085 0.028769841269841268 0.03835978835978836
14 0.4742063492063492 0.58994708994709 0.03968253968253968 0.07142857142857142
14 0.45436507936507936 0.5052910052910053 0.04861111111111111 0.03571428571428571
14 0.5079365079365079 0.5264550264550265 0.05853174603174603 0.04497354497354497
14 0.4503968253968254 0.42857142857142855 0.034722222222222224 0.02513227513227513
14 0.49404761904761907 0.42724867724867727 0.04662698412698413 0.03439153439153439
14 0.49206349206349204 0.37566137566137564 0.06448412698412699 0.07275132275132275