3 0.2261904761904762 0.25396825396825395 0.1884920634920635 0.25925925925925924
0 0.6051587301587301 0.28835978835978837 0.3888888888888889 0.08862433862433862
1 0.7202380952380952 0.42592592592592593 0.3740079365079365 0.23941798941798942
5 0.49404761904761907 0.5846560846560847 0.13392857142857142 0.11772486772486772
5 0.5734126984126984 0.5079365079365079 0.06944444444444445 0.08333333333333333
17 0.40674603174603174 0.42063492063492064 0.04662698412698413 0.1388888888888889
17 0.4781746031746032 0.47883597883597884 0.10714285714285714 0.08597883597883597
17 0.5248015873015873 0.6706349206349206 0.09325396825396826 0.10052910052910052
17 0.6428571428571429 0.5753968253968254 0.0625 0.06613756613756613
17 0.4226190476190476 0.5767195767195767 0.03869047619047619 0.11507936507936507
18 0.5982142857142857 0.6190476190476191 0.03571428571428571 0.046296296296296294
18 0.6825396825396826 0.4708994708994709 0.03273809523809524 0.03835978835978836
18 0.6607142857142857 0.5238095238095238 0.0248015873015873 0.042328042328042326
18 0.37896825396825395 0.43915343915343913 0.01984126984126984 0.03571428571428571
18 0.4632936507936508 0.34523809523809523 0.023809523809523808 0.03968253968253968