3 0.21825396825396826 0.25925925925925924 0.19047619047619047 0.2552910052910053
0 0.5833333333333334 0.30687830687830686 0.3630952380952381 0.10714285714285714
1 0.6646825396825397 0.5568783068783069 0.2748015873015873 0.3862433862433862
5 0.48214285714285715 0.66005291005291 0.13194444444444445 0.08465608465608465
5 0.4861111111111111 0.47354497354497355 0.09722222222222222 0.1335978835978836
17 0.375 0.38095238095238093 0.03968253968253968 0.1111111111111111
17 0.4742063492063492 0.3835978835978836 0.09623015873015874 0.04894179894179894
17 0.5783730158730159 0.3412698412698413 0.06746031746031746 0.051587301587301584
17 0.4017857142857143 0.5912698412698413 0.03968253968253968 0.10317460317460317
17 0.5545634920634921 0.5886243386243386 0.0496031746031746 0.0873015873015873
17 0.5138888888888888 0.7222222222222222 0.031746031746031744 0.10846560846560846
18 0.6359126984126984 0.4444444444444444 0.02976190476190476 0.031746031746031744
18 0.6537698412698413 0.42857142857142855 0.023809523809523808 0.0291005291005291
18 0.5813492063492064 0.47354497354497355 0.03869047619047619 0.037037037037037035
18 0.4861111111111111 0.5 0.02976190476190476 0.03042328042328042