3 0.18452380952380953 0.20634920634920634 0.21825396825396826 0.2843915343915344
0 0.5873015873015873 0.24735449735449735 0.39384920634920634 0.09788359788359788
1 0.6924603174603174 0.5158730158730159 0.32043650793650796 0.4087301587301587
5 0.4801587301587302 0.6164021164021164 0.14384920634920634 0.09656084656084656
5 0.48214285714285715 0.42857142857142855 0.0992063492063492 0.14285714285714285
17 0.39087301587301587 0.5529100529100529 0.03869047619047619 0.11507936507936507
17 0.4583333333333333 0.3253968253968254 0.11408730158730158 0.051587301587301584
17 0.5793650793650794 0.2857142857142857 0.07043650793650794 0.04894179894179894
17 0.3611111111111111 0.3386243386243386 0.040674603174603176 0.10052910052910052
17 0.4375 0.5317460317460317 0.0496031746031746 0.06746031746031746
18 0.6765873015873016 0.3835978835978836 0.03670634920634921 0.046296296296296294
18 0.5753968253968254 0.42592592592592593 0.05257936507936508 0.03571428571428571
18 0.4781746031746032 0.4523809523809524 0.03968253968253968 0.047619047619047616
18 0.566468253968254 0.582010582010582 0.03373015873015873 0.051587301587301584