3 0.18055555555555555 0.8148148148148148 0.23015873015873015 0.2791005291005291
0 0.5912698412698413 0.29365079365079366 0.4087301587301587 0.11772486772486772
1 0.6587301587301587 0.6031746031746031 0.3819444444444444 0.26322751322751325
5 0.5079365079365079 0.6283068783068783 0.11805555555555555 0.12698412698412698
5 0.5376984126984127 0.5740740740740741 0.10218253968253968 0.06746031746031746
17 0.3888888888888889 0.5793650793650794 0.041666666666666664 0.1574074074074074
17 0.44841269841269843 0.40343915343915343 0.11706349206349206 0.082010582010582
17 0.4305555555555556 0.6322751322751323 0.041666666666666664 0.18915343915343916
17 0.33134920634920634 0.5529100529100529 0.041666666666666664 0.07275132275132275
18 0.6746031746031746 0.4312169312169312 0.027777777777777776 0.042328042328042326
18 0.6527777777777778 0.44576719576719576 0.03273809523809524 0.047619047619047616
18 0.5496031746031746 0.41534391534391535 0.027777777777777776 0.03306878306878307