3 0.16468253968253968 0.3187830687830688 0.20535714285714285 0.21428571428571427
0 0.5238095238095238 0.3134920634920635 0.38392857142857145 0.08994708994708994
1 0.6071428571428571 0.5529100529100529 0.2787698412698413 0.36243386243386244
5 0.4226190476190476 0.48544973544973546 0.09027777777777778 0.12698412698412698
5 0.4246031746031746 0.6534391534391535 0.1359126984126984 0.082010582010582
17 0.45634920634920634 0.7222222222222222 0.03869047619047619 0.08597883597883597
17 0.376984126984127 0.3888888888888889 0.15773809523809523 0.03571428571428571
17 0.5119047619047619 0.3439153439153439 0.06746031746031746 0.051587301587301584
17 0.4017857142857143 0.5370370370370371 0.14682539682539683 0.03042328042328042
17 0.373015873015873 0.5740740740740741 0.0763888888888889 0.0582010582010582
18 0.5992063492063492 0.42592592592592593 0.022817460317460316 0.041005291005291
18 0.5783730158730159 0.43915343915343913 0.025793650793650792 0.03835978835978836
18 0.5188492063492064 0.47354497354497355 0.03373015873015873 0.041005291005291
18 0.5059523809523809 0.6111111111111112 0.0248015873015873 0.031746031746031744
18 0.4246031746031746 0.5052910052910053 0.02976190476190476 0.03306878306878307