3 0.23412698412698413 0.42592592592592593 0.20238095238095238 0.24603174603174602
0 0.6349206349206349 0.4007936507936508 0.4156746031746032 0.10317460317460317
1 0.7063492063492064 0.6481481481481481 0.2837301587301587 0.38492063492063494
5 0.5178571428571429 0.7513227513227513 0.1349206349206349 0.07275132275132275
5 0.5218253968253969 0.5793650793650794 0.0992063492063492 0.13756613756613756
17 0.47023809523809523 0.4695767195767196 0.16567460317460317 0.05291005291005291
17 0.6140873015873016 0.4312169312169312 0.06746031746031746 0.05026455026455026
17 0.4623015873015873 0.671957671957672 0.0744047619047619 0.07539682539682539
17 0.5932539682539683 0.656084656084656 0.044642857142857144 0.08333333333333333
17 0.5505952380952381 0.8227513227513228 0.03968253968253968 0.10185185185185185
18 0.7063492063492064 0.5211640211640212 0.02976190476190476 0.042328042328042326
18 0.6825396825396826 0.5343915343915344 0.030753968253968252 0.042328042328042326
18 0.6121031746031746 0.5634920634920635 0.02976190476190476 0.03968253968253968
18 0.4365079365079365 0.5079365079365079 0.023809523809523808 0.031746031746031744
18 0.5218253968253969 0.5992063492063492 0.023809523809523808 0.04497354497354497
18 0.6150793650793651 0.46825396825396826 0.026785714285714284 0.02513227513227513