3 0.22718253968253968 0.23809523809523808 0.1884920634920635 0.27645502645502645
0 0.5803571428571429 0.31216931216931215 0.375 0.14947089947089948
1 0.6696428571428571 0.5158730158730159 0.29563492063492064 0.30158730158730157
5 0.47023809523809523 0.5992063492063492 0.12797619047619047 0.12169312169312169
5 0.5228174603174603 0.5026455026455027 0.12103174603174603 0.08862433862433862
17 0.4027777777777778 0.43783068783068785 0.05654761904761905 0.1349206349206349
17 0.6011904761904762 0.6190476190476191 0.05853174603174603 0.056878306878306875
17 0.46825396825396826 0.6904761904761905 0.04365079365079365 0.10846560846560846
17 0.39880952380952384 0.5978835978835979 0.034722222222222224 0.11904761904761904
17 0.36507936507936506 0.3994708994708995 0.07539682539682539 0.062169312169312166
17 0.5456349206349206 0.3544973544973545 0.07341269841269842 0.05291005291005291
18 0.5565476190476191 0.6534391534391535 0.031746031746031744 0.046296296296296294
18 0.5317460317460317 0.5291005291005291 0.020833333333333332 0.03571428571428571
18 0.6478174603174603 0.455026455026455 0.01984126984126984 0.03042328042328042