3 0.21825396825396826 0.6772486772486772 0.2013888888888889 0.25132275132275134
0 0.5972222222222222 0.18783068783068782 0.40575396825396826 0.09391534391534391
1 0.746031746031746 0.4497354497354497 0.314484126984127 0.1626984126984127
5 0.5446428571428571 0.5105820105820106 0.1746031746031746 0.1283068783068783
17 0.4801587301587302 0.2698412698412698 0.12003968253968254 0.09259259259259259
17 0.558531746031746 0.24338624338624337 0.03968253968253968 0.082010582010582
17 0.4603174603174603 0.3888888888888889 0.09623015873015874 0.04365079365079365
17 0.4176587301587302 0.4365079365079365 0.04563492063492063 0.046296296296296294
17 0.5257936507936508 0.40343915343915343 0.034722222222222224 0.07142857142857142
18 0.6805555555555556 0.30952380952380953 0.037698412698412696 0.03042328042328042
18 0.6567460317460317 0.3306878306878307 0.028769841269841268 0.042328042328042326
18 0.6309523809523809 0.3412698412698413 0.021825396825396824 0.031746031746031744