3 0.18055555555555555 0.8095238095238095 0.2261904761904762 0.2605820105820106
0 0.5625 0.29894179894179895 0.39087301587301587 0.08333333333333333
1 0.6795634920634921 0.43386243386243384 0.376984126984127 0.25
5 0.4861111111111111 0.6190476190476191 0.12698412698412698 0.12169312169312169
5 0.5337301587301587 0.5462962962962963 0.12797619047619047 0.0873015873015873
17 0.40674603174603174 0.6031746031746031 0.04265873015873016 0.17592592592592593
17 0.3472222222222222 0.5555555555555556 0.08234126984126984 0.047619047619047616
17 0.36408730158730157 0.6137566137566137 0.05357142857142857 0.07539682539682539
17 0.4246031746031746 0.4074074074074074 0.09226190476190477 0.08068783068783068
17 0.44543650793650796 0.4708994708994709 0.07539682539682539 0.05952380952380952
17 0.5089285714285714 0.4021164021164021 0.031746031746031744 0.0873015873015873
18 0.6309523809523809 0.35714285714285715 0.020833333333333332 0.03306878306878307
18 0.435515873015873 0.6534391534391535 0.017857142857142856 0.041005291005291
18 0.6011904761904762 0.455026455026455 0.021825396825396824 0.04365079365079365