3 0.22718253968253968 0.7857142857142857 0.21428571428571427 0.25793650793650796
0 0.5912698412698413 0.28703703703703703 0.3759920634920635 0.08994708994708994
1 0.7321428571428571 0.5925925925925926 0.30952380952380953 0.16666666666666666
5 0.501984126984127 0.6216931216931217 0.14384920634920634 0.0992063492063492
5 0.5337301587301587 0.5238095238095238 0.12400793650793651 0.10714285714285714
17 0.44841269841269843 0.35714285714285715 0.18948412698412698 0.03968253968253968
17 0.4801587301587302 0.3941798941798942 0.051587301587301584 0.082010582010582
17 0.5277777777777778 0.7116402116402116 0.044642857142857144 0.11375661375661375
17 0.5793650793650794 0.32275132275132273 0.060515873015873016 0.051587301587301584
17 0.4027777777777778 0.3968253968253968 0.09226190476190477 0.05952380952380952
17 0.5436507936507936 0.4060846560846561 0.051587301587301584 0.082010582010582
18 0.6091269841269841 0.455026455026455 0.04265873015873016 0.051587301587301584
18 0.6765873015873016 0.41005291005291006 0.041666666666666664 0.03042328042328042
18 0.6547619047619048 0.42592592592592593 0.026785714285714284 0.03042328042328042
18 0.5079365079365079 0.39021164021164023 0.022817460317460316 0.042328042328042326
18 0.4176587301587302 0.4007936507936508 0.015873015873015872 0.037037037037037035