3 0.2113095238095238 0.7592592592592593 0.21428571428571427 0.23809523809523808
0 0.5892857142857143 0.2791005291005291 0.3878968253968254 0.10846560846560846
1 0.7380952380952381 0.5476190476190477 0.31646825396825395 0.1970899470899471
5 0.5357142857142857 0.6031746031746031 0.1498015873015873 0.1335978835978836
17 0.43452380952380953 0.4947089947089947 0.0744047619047619 0.09523809523809523
17 0.4623015873015873 0.3888888888888889 0.050595238095238096 0.10185185185185185
17 0.5178571428571429 0.36772486772486773 0.03869047619047619 0.0582010582010582
17 0.6031746031746031 0.3664021164021164 0.0496031746031746 0.05026455026455026
17 0.5595238095238095 0.34523809523809523 0.03373015873015873 0.08994708994708994
17 0.6488095238095238 0.3664021164021164 0.03968253968253968 0.06084656084656084
17 0.498015873015873 0.4880952380952381 0.06448412698412699 0.07936507936507936
18 0.6795634920634921 0.41005291005291006 0.037698412698412696 0.027777777777777776
18 0.6587301587301587 0.4312169312169312 0.030753968253968252 0.031746031746031744
18 0.6329365079365079 0.44047619047619047 0.041666666666666664 0.031746031746031744
18 0.5386904761904762 0.5383597883597884 0.027777777777777776 0.0291005291005291
18 0.4246031746031746 0.4894179894179894 0.028769841269841268 0.03042328042328042