3 0.2876984126984127 0.8068783068783069 0.19543650793650794 0.2619047619047619
0 0.6418650793650794 0.3187830687830688 0.37103174603174605 0.10582010582010581
1 0.753968253968254 0.6164021164021164 0.26785714285714285 0.17328042328042328
5 0.5406746031746031 0.6402116402116402 0.14682539682539683 0.10978835978835978
5 0.5773809523809523 0.5555555555555556 0.125 0.09788359788359788
17 0.48313492063492064 0.39285714285714285 0.13690476190476192 0.10052910052910052
17 0.6279761904761905 0.35978835978835977 0.061507936507936505 0.056878306878306875
17 0.564484126984127 0.7301587301587301 0.0496031746031746 0.10449735449735449
18 0.7033730158730159 0.4470899470899471 0.02976190476190476 0.03835978835978836
18 0.6825396825396826 0.4576719576719577 0.026785714285714284 0.03571428571428571
18 0.6388888888888888 0.48677248677248675 0.03273809523809524 0.046296296296296294