3 0.20436507936507936 0.7619047619047619 0.2152777777777778 0.24867724867724866
0 0.5912698412698413 0.2671957671957672 0.39384920634920634 0.09656084656084656
1 0.7261904761904762 0.5357142857142857 0.2837301587301587 0.18253968253968253
5 0.5277777777777778 0.5846560846560847 0.14186507936507936 0.1335978835978836
17 0.5049603174603174 0.35185185185185186 0.17063492063492064 0.08068783068783068
17 0.4801587301587302 0.48677248677248675 0.09623015873015874 0.08465608465608465
17 0.628968253968254 0.3544973544973545 0.060515873015873016 0.06613756613756613
18 0.6666666666666666 0.3941798941798942 0.026785714285714284 0.046296296296296294
18 0.5267857142857143 0.5238095238095238 0.031746031746031744 0.03042328042328042
18 0.5496031746031746 0.48148148148148145 0.018849206349206348 0.041005291005291
18 0.6369047619047619 0.41534391534391535 0.04365079365079365 0.03968253968253968