3 0.20238095238095238 0.8015873015873016 0.2013888888888889 0.22883597883597884
0 0.5813492063492064 0.32275132275132273 0.42162698412698413 0.10052910052910052
1 0.6805555555555556 0.6362433862433863 0.3005952380952381 0.19047619047619047
5 0.4593253968253968 0.6349206349206349 0.1349206349206349 0.09126984126984126
5 0.5 0.5582010582010583 0.1259920634920635 0.10317460317460317
17 0.4107142857142857 0.38095238095238093 0.15873015873015872 0.046296296296296294
17 0.40674603174603174 0.414021164021164 0.050595238095238096 0.06613756613756613
17 0.5069444444444444 0.4298941798941799 0.041666666666666664 0.09259259259259259
17 0.5575396825396826 0.35978835978835977 0.06547619047619048 0.056878306878306875
17 0.4801587301587302 0.7301587301587301 0.04265873015873016 0.10052910052910052
18 0.6438492063492064 0.44841269841269843 0.031746031746031744 0.03439153439153439
18 0.6190476190476191 0.46296296296296297 0.028769841269841268 0.041005291005291
18 0.5714285714285714 0.49206349206349204 0.03273809523809524 0.03968253968253968
18 0.47619047619047616 0.42592592592592593 0.018849206349206348 0.037037037037037035
18 0.376984126984127 0.4193121693121693 0.017857142857142856 0.037037037037037035