3 0.19047619047619047 0.8121693121693122 0.2400793650793651 0.2208994708994709
0 0.5694444444444444 0.3386243386243386 0.38492063492063494 0.08068783068783068
1 0.7103174603174603 0.6587301587301587 0.3253968253968254 0.19973544973544974
5 0.47023809523809523 0.6613756613756614 0.14285714285714285 0.0992063492063492
5 0.5049603174603174 0.5714285714285714 0.11904761904761904 0.10978835978835978
17 0.40674603174603174 0.42063492063492064 0.13988095238095238 0.07936507936507936
17 0.5158730158730159 0.42592592592592593 0.0625 0.08862433862433862
17 0.558531746031746 0.37037037037037035 0.057539682539682536 0.05026455026455026
17 0.49206349206349204 0.7592592592592593 0.04265873015873016 0.11507936507936507
18 0.6527777777777778 0.4537037037037037 0.030753968253968252 0.04497354497354497
18 0.6299603174603174 0.47354497354497355 0.03968253968253968 0.041005291005291
18 0.5704365079365079 0.4973544973544973 0.023809523809523808 0.03306878306878307
18 0.4861111111111111 0.43915343915343913 0.021825396825396824 0.03306878306878307
18 0.38492063492063494 0.4470899470899471 0.020833333333333332 0.03439153439153439
18 0.5297619047619048 0.4656084656084656 0.040674603174603176 0.02513227513227513