3 0.20535714285714285 0.24603174603174602 0.19047619047619047 0.26587301587301587
0 0.5793650793650794 0.2777777777777778 0.3819444444444444 0.10052910052910052
1 0.6755952380952381 0.5423280423280423 0.30753968253968256 0.3862433862433862
5 0.4722222222222222 0.6402116402116402 0.1388888888888889 0.06084656084656084
5 0.4801587301587302 0.4576719576719577 0.1001984126984127 0.12169312169312169
17 0.36607142857142855 0.35714285714285715 0.03571428571428571 0.08597883597883597
17 0.46726190476190477 0.3544973544973545 0.09325396825396826 0.06878306878306878
17 0.4166666666666667 0.5502645502645502 0.09226190476190477 0.051587301587301584
17 0.5099206349206349 0.7063492063492064 0.034722222222222224 0.10052910052910052
17 0.5714285714285714 0.31746031746031744 0.06944444444444445 0.04365079365079365
18 0.6626984126984127 0.4074074074074074 0.03273809523809524 0.03571428571428571
18 0.6428571428571429 0.42063492063492064 0.031746031746031744 0.03968253968253968
18 0.5763888888888888 0.4497354497354497 0.04563492063492063 0.042328042328042326
18 0.5595238095238095 0.5912698412698413 0.03571428571428571 0.047619047619047616
18 0.4781746031746032 0.4748677248677249 0.027777777777777776 0.037037037037037035
18 0.5773809523809523 0.35978835978835977 0.018849206349206348 0.0291005291005291