22
78 206 177 294 Glass
222 149 286 228 Yellow Pasta
285 224 320 298 Yellow Pasta
260 231 288 264 Yellow Pasta
307 180 336 241 Yellow Pasta
128 143 194 156 Apple
126 101 186 136 Apple
192 171 336 324 Fork
326 143 464 307 Knife
216 148 328 270 Spoon
173 128 192 146 Grape
148 85 171 105 Grape
124 120 153 146 Grape
320 220 382 256 Rocket
323 141 356 166 Rocket
322 166 344 180 Rocket
260 133 290 157 Rocket
234 154 256 165 Rocket
256 154 294 172 Rocket
233 178 288 202 Rocket
243 206 266 232 Rocket
232 222 248 231 Rocket
