23
336 18 425 116 Glass
244 240 312 310 Yellow Pasta
289 194 331 238 Yellow Pasta
232 207 270 235 Yellow Pasta
217 154 294 204 Yellow Pasta
210 195 233 222 Yellow Pasta
124 152 187 166 Apple
124 113 179 147 Apple
421 86 463 269 Fork
316 154 453 318 Knife
204 158 318 278 Spoon
144 98 166 116 Grape
166 139 186 154 Grape
118 130 148 156 Grape
320 226 371 264 Rocket
224 229 238 241 Rocket
238 214 256 242 Rocket
276 214 298 260 Rocket
312 178 328 191 Rocket
314 155 346 176 Rocket
226 192 274 214 Rocket
230 164 280 180 Rocket
245 143 278 168 Rocket
