23
351 4 444 107 Glass
258 230 295 264 Yellow Pasta
296 220 336 304 Yellow Pasta
289 196 330 218 Yellow Pasta
280 130 324 190 Yellow Pasta
227 186 268 224 Yellow Pasta
249 153 281 166 Yellow Pasta
148 124 210 147 Apple
165 98 222 130 Apple
432 74 473 260 Fork
294 132 476 226 Knife
137 23 268 115 Spoon
202 119 219 136 Grape
182 78 216 98 Grape
152 92 174 110 Grape
254 132 280 156 Rocket
318 166 352 194 Rocket
309 218 377 252 Rocket
256 196 286 249 Rocket
234 229 250 244 Rocket
241 164 266 202 Rocket
262 156 288 179 Rocket
274 176 292 188 Rocket
