24
350 241 454 341 Glass
210 258 222 293 Yellow Pasta
228 204 270 304 Yellow Pasta
142 184 178 257 Yellow Pasta
187 230 199 246 Yellow Pasta
224 178 279 192 Apple
362 80 395 144 Apple
172 148 218 324 Fork
200 106 238 245 Knife
158 149 192 288 Spoon
334 102 362 130 Grape
392 90 413 115 Grape
260 166 280 181 Grape
254 276 273 310 Rocket
250 224 293 266 Rocket
239 194 264 219 Rocket
214 232 228 242 Rocket
215 239 238 264 Rocket
172 262 184 274 Rocket
175 248 198 261 Rocket
157 220 194 246 Rocket
142 210 158 226 Rocket
146 180 164 198 Rocket
202 168 216 186 Rocket
