22
351 6 436 98 Glass
338 134 407 176 Yellow Pasta
324 130 334 144 Yellow Pasta
250 142 307 250 Yellow Pasta
310 225 328 234 Yellow Pasta
144 248 204 272 Apple
151 218 211 250 Apple
422 74 482 246 Fork
306 168 484 258 Knife
146 140 212 286 Spoon
195 234 213 252 Grape
150 214 169 230 Grape
163 200 195 219 Grape
364 240 380 250 Rocket
338 210 365 235 Rocket
318 220 330 238 Rocket
260 222 293 263 Rocket
260 182 274 199 Rocket
276 174 304 204 Rocket
295 200 312 220 Rocket
312 127 350 163 Rocket
326 168 358 188 Rocket
