23
60 42 153 132 Glass
246 182 278 286 Yellow Pasta
216 240 232 281 Yellow Pasta
142 151 208 246 Yellow Pasta
241 157 304 177 Apple
380 81 410 140 Apple
186 120 230 304 Fork
218 76 256 263 Knife
164 118 200 268 Spoon
280 150 300 166 Grape
356 96 384 124 Grape
409 96 428 119 Grape
214 142 226 162 Rocket
255 176 280 197 Rocket
271 208 315 250 Rocket
272 260 286 290 Rocket
224 221 255 244 Rocket
226 208 241 222 Rocket
174 240 192 253 Rocket
178 223 205 242 Rocket
176 198 206 216 Rocket
154 206 174 224 Rocket
142 154 187 202 Rocket
