25
54 48 148 136 Glass
180 262 200 279 Yellow Pasta
208 245 230 282 Yellow Pasta
172 211 204 228 Yellow Pasta
240 186 288 290 Yellow Pasta
136 154 181 250 Yellow Pasta
236 162 298 180 Apple
376 86 406 144 Apple
180 122 226 309 Fork
214 82 254 271 Knife
158 122 194 273 Spoon
276 154 294 171 Grape
350 100 378 128 Grape
404 99 422 124 Grape
267 262 282 296 Rocket
264 214 308 254 Rocket
248 180 273 204 Rocket
221 214 239 228 Rocket
222 225 244 247 Rocket
172 246 184 256 Rocket
175 228 200 244 Rocket
149 202 199 228 Rocket
136 190 153 205 Rocket
144 156 182 192 Rocket
209 146 223 164 Rocket
