21
326 16 408 110 Glass
226 161 284 193 Yellow Pasta
206 195 240 211 Yellow Pasta
198 212 230 230 Yellow Pasta
208 230 260 292 Yellow Pasta
254 241 324 312 Yellow Pasta
128 136 188 158 Apple
145 110 201 143 Apple
406 83 447 261 Fork
246 215 436 274 Knife
118 36 242 129 Spoon
182 130 197 148 Grape
161 90 192 112 Grape
133 106 154 124 Grape
296 160 323 188 Rocket
313 219 351 257 Rocket
220 267 232 287 Rocket
218 232 237 247 Rocket
228 144 266 210 Rocket
266 242 284 254 Rocket
291 243 318 256 Rocket
