29
54 38 152 132 Glass
248 184 298 296 Yellow Pasta
142 194 184 284 Yellow Pasta
180 237 213 259 Yellow Pasta
236 260 248 300 Yellow Pasta
358 104 392 158 Apple
386 88 418 146 Apple
166 146 257 327 Fork
188 98 270 280 Knife
147 150 216 300 Spoon
415 100 434 122 Grape
364 95 394 123 Grape
384 137 402 158 Grape
286 188 304 204 Rocket
260 188 279 197 Rocket
250 190 262 204 Rocket
231 230 246 244 Rocket
237 235 258 266 Rocket
276 217 287 244 Rocket
288 217 324 251 Rocket
293 267 309 300 Rocket
186 274 203 288 Rocket
186 258 215 274 Rocket
181 229 206 246 Rocket
160 239 178 264 Rocket
201 164 216 183 Rocket
137 190 156 243 Rocket
154 206 166 232 Rocket
164 196 176 206 Rocket
