22
385 234 495 320 Glass
248 179 292 288 Yellow Pasta
216 234 236 280 Yellow Pasta
141 142 212 246 Yellow Pasta
246 154 309 173 Apple
390 81 418 140 Apple
190 114 233 304 Fork
224 71 261 264 Knife
167 112 203 268 Spoon
286 148 305 163 Grape
362 96 391 124 Grape
418 96 436 118 Grape
218 138 230 156 Rocket
258 172 284 199 Rocket
149 145 187 180 Rocket
144 181 166 200 Rocket
176 239 196 250 Rocket
180 222 206 240 Rocket
156 194 207 222 Rocket
230 208 247 222 Rocket
230 217 254 244 Rocket
282 204 321 252 Rocket
