25
336 18 418 114 Glass
204 212 243 228 Yellow Pasta
212 194 246 210 Yellow Pasta
230 162 268 176 Yellow Pasta
258 162 288 191 Yellow Pasta
208 229 268 289 Yellow Pasta
266 222 330 309 Yellow Pasta
137 136 198 156 Apple
154 110 209 141 Apple
412 84 456 262 Fork
252 214 443 274 Knife
126 37 252 126 Spoon
189 128 206 146 Grape
170 90 201 110 Grape
142 104 165 123 Grape
305 172 330 188 Rocket
304 157 326 173 Rocket
242 141 272 166 Rocket
232 164 272 210 Rocket
222 231 244 244 Rocket
228 262 238 284 Rocket
274 212 288 221 Rocket
272 238 288 252 Rocket
295 243 316 257 Rocket
323 215 355 257 Rocket
