23
310 5 394 105 Glass
268 225 310 308 Yellow Pasta
228 236 268 271 Yellow Pasta
192 194 234 226 Yellow Pasta
214 158 248 174 Yellow Pasta
250 198 297 217 Yellow Pasta
242 137 286 196 Yellow Pasta
112 136 174 156 Apple
128 107 185 140 Apple
393 72 439 254 Fork
258 138 438 222 Knife
100 30 224 128 Spoon
165 127 183 145 Grape
144 87 176 109 Grape
116 102 136 121 Grape
205 236 219 250 Rocket
225 202 251 256 Rocket
211 172 232 218 Rocket
226 161 252 186 Rocket
240 182 258 193 Rocket
220 138 248 162 Rocket
282 170 314 195 Rocket
276 218 344 252 Rocket
