23
47 36 149 133 Glass
158 198 230 296 Yellow Pasta
274 172 348 286 Yellow Pasta
262 258 283 295 Yellow Pasta
358 97 396 154 Apple
388 82 420 139 Apple
176 150 298 323 Fork
190 100 305 272 Knife
160 158 250 302 Spoon
388 128 405 151 Grape
416 92 436 115 Grape
368 89 396 118 Grape
304 174 320 192 Rocket
267 177 294 200 Rocket
212 167 231 183 Rocket
153 202 186 259 Rocket
186 230 228 274 Rocket
213 262 243 275 Rocket
218 278 232 292 Rocket
300 202 350 238 Rocket
324 253 346 288 Rocket
254 224 274 242 Rocket
267 230 288 261 Rocket
