23
344 3 434 105 Glass
245 227 314 296 Yellow Pasta
280 183 324 240 Yellow Pasta
216 146 286 222 Yellow Pasta
127 136 190 152 Apple
126 98 182 131 Apple
426 73 466 261 Fork
320 140 454 307 Knife
208 146 322 265 Spoon
147 82 169 100 Grape
121 114 152 140 Grape
169 123 189 140 Grape
326 216 374 251 Rocket
310 220 328 251 Rocket
279 200 300 240 Rocket
316 141 351 162 Rocket
316 164 332 178 Rocket
226 216 238 228 Rocket
240 204 258 228 Rocket
226 179 278 202 Rocket
234 150 252 160 Rocket
250 128 282 154 Rocket
250 156 279 166 Rocket
