25
58 211 160 306 Glass
237 254 276 282 Yellow Pasta
278 220 350 325 Yellow Pasta
220 246 234 268 Yellow Pasta
208 138 282 223 Yellow Pasta
116 146 182 160 Apple
112 103 173 140 Apple
232 127 326 311 Fork
277 111 378 288 Knife
224 118 310 261 Spoon
108 122 140 150 Grape
135 86 158 108 Grape
159 131 180 148 Grape
283 306 308 335 Rocket
320 258 358 314 Rocket
326 218 352 245 Rocket
350 248 370 265 Rocket
274 245 302 261 Rocket
284 228 303 246 Rocket
236 214 256 241 Rocket
224 228 238 241 Rocket
222 186 272 211 Rocket
311 164 326 180 Rocket
222 158 240 172 Rocket
243 132 272 174 Rocket
