23
50 36 150 131 Glass
160 200 238 294 Yellow Pasta
258 256 286 302 Yellow Pasta
269 178 342 286 Yellow Pasta
362 99 399 154 Apple
390 82 422 142 Apple
178 150 302 324 Fork
192 100 304 272 Knife
161 158 252 302 Spoon
390 132 408 152 Grape
421 94 440 118 Grape
368 90 399 118 Grape
306 174 324 192 Rocket
213 164 230 183 Rocket
270 183 298 196 Rocket
257 221 274 242 Rocket
270 224 293 263 Rocket
302 206 352 236 Rocket
328 254 346 288 Rocket
220 278 239 292 Rocket
213 261 247 276 Rocket
154 201 194 260 Rocket
188 232 230 272 Rocket
