25
52 36 149 130 Glass
134 188 181 283 Yellow Pasta
180 232 209 250 Yellow Pasta
228 258 246 302 Yellow Pasta
247 180 297 294 Yellow Pasta
354 100 388 156 Apple
382 86 414 144 Apple
164 144 254 327 Fork
186 96 268 278 Knife
144 148 212 298 Spoon
412 96 430 121 Grape
362 92 389 120 Grape
380 132 398 154 Grape
197 162 214 182 Rocket
248 186 276 202 Rocket
282 186 302 202 Rocket
289 264 306 298 Rocket
272 214 322 248 Rocket
228 228 242 242 Rocket
233 234 256 262 Rocket
182 274 202 285 Rocket
182 256 213 270 Rocket
135 192 160 244 Rocket
156 236 174 262 Rocket
176 226 204 245 Rocket
