21
344 2 442 92 Glass
204 196 256 237 Yellow Pasta
230 161 270 178 Yellow Pasta
264 140 310 214 Yellow Pasta
270 208 316 232 Yellow Pasta
240 242 279 283 Yellow Pasta
278 232 324 330 Yellow Pasta
127 123 195 146 Apple
145 92 206 130 Apple
431 54 476 248 Fork
283 142 470 252 Knife
114 9 251 114 Spoon
186 116 204 134 Grape
163 72 196 93 Grape
132 88 156 107 Grape
218 242 229 260 Rocket
239 211 270 265 Rocket
292 234 366 273 Rocket
304 177 342 210 Rocket
260 188 292 202 Rocket
230 139 274 228 Rocket
