22
106 292 190 378 Glass
341 188 394 230 Yellow Pasta
258 202 312 300 Yellow Pasta
140 125 160 178 Apple
155 139 196 186 Apple
112 207 216 366 Fork
310 223 456 304 Knife
150 102 290 136 Spoon
193 138 212 168 Grape
176 128 194 146 Grape
151 123 169 140 Grape
359 288 374 298 Rocket
336 260 362 284 Rocket
320 272 334 286 Rocket
326 224 351 241 Rocket
316 184 346 218 Rocket
298 232 310 251 Rocket
267 235 281 248 Rocket
282 228 313 276 Rocket
274 284 304 312 Rocket
304 278 315 288 Rocket
272 272 286 282 Rocket
