22
336 6 423 104 Glass
320 144 404 182 Yellow Pasta
266 153 288 208 Yellow Pasta
232 199 302 266 Yellow Pasta
120 274 186 292 Apple
136 232 193 277 Apple
410 79 480 258 Fork
290 178 482 271 Knife
94 125 154 279 Spoon
117 258 138 278 Grape
126 231 150 252 Grape
138 214 172 236 Grape
353 252 370 264 Rocket
304 235 318 250 Rocket
326 221 356 248 Rocket
247 251 278 280 Rocket
268 240 292 256 Rocket
250 235 260 246 Rocket
242 184 290 217 Rocket
271 212 296 239 Rocket
312 180 344 198 Rocket
298 135 335 172 Rocket
