21
350 16 438 114 Glass
222 212 258 231 Yellow Pasta
232 196 266 214 Yellow Pasta
252 165 286 178 Yellow Pasta
274 162 308 193 Yellow Pasta
234 230 350 312 Yellow Pasta
130 221 176 274 Apple
138 118 196 146 Apple
430 84 471 261 Fork
272 216 464 275 Knife
110 207 208 333 Spoon
121 219 148 248 Grape
157 96 177 116 Grape
178 142 199 157 Grape
321 160 350 188 Rocket
260 141 288 168 Rocket
250 166 292 212 Rocket
244 232 263 247 Rocket
248 268 262 286 Rocket
290 234 316 250 Rocket
342 223 378 258 Rocket
