23
340 4 436 110 Glass
325 140 406 184 Yellow Pasta
266 152 300 216 Yellow Pasta
230 200 302 266 Yellow Pasta
295 236 322 253 Yellow Pasta
144 114 202 144 Apple
160 98 220 126 Apple
417 75 478 260 Fork
294 178 480 274 Knife
136 34 280 110 Spoon
150 86 168 108 Grape
186 78 216 98 Grape
196 122 214 142 Grape
356 253 372 265 Rocket
328 222 356 250 Rocket
306 237 320 251 Rocket
317 180 346 198 Rocket
302 134 338 174 Rocket
280 192 295 212 Rocket
246 195 261 210 Rocket
260 186 300 220 Rocket
284 212 298 240 Rocket
250 247 283 282 Rocket
