24
56 42 154 135 Glass
252 234 300 298 Yellow Pasta
258 191 284 233 Yellow Pasta
274 184 300 199 Yellow Pasta
298 248 324 272 Yellow Pasta
150 194 182 285 Yellow Pasta
360 105 396 161 Apple
388 89 420 149 Apple
167 150 260 331 Fork
190 100 264 254 Knife
150 154 218 303 Spoon
387 139 404 158 Grape
418 102 436 124 Grape
368 97 396 124 Grape
290 222 326 305 Rocket
290 195 308 206 Rocket
252 190 286 207 Rocket
203 168 218 185 Rocket
139 192 168 248 Rocket
160 232 208 266 Rocket
188 260 216 276 Rocket
188 278 206 290 Rocket
240 239 263 268 Rocket
234 232 248 247 Rocket
