22
338 16 423 114 Glass
244 238 311 308 Yellow Pasta
300 194 332 244 Yellow Pasta
216 157 278 208 Yellow Pasta
273 218 299 232 Yellow Pasta
234 212 269 234 Yellow Pasta
123 152 185 166 Apple
122 113 178 147 Apple
421 85 466 268 Fork
316 152 454 314 Knife
205 160 314 278 Spoon
119 130 148 156 Grape
142 98 165 116 Grape
166 139 185 153 Grape
312 226 372 262 Rocket
224 230 236 241 Rocket
238 216 258 240 Rocket
278 213 296 252 Rocket
315 177 327 190 Rocket
314 152 344 172 Rocket
233 143 278 178 Rocket
225 191 274 212 Rocket
