22
74 46 170 134 Glass
258 186 296 290 Yellow Pasta
230 239 246 280 Yellow Pasta
156 155 223 248 Yellow Pasta
256 161 316 180 Apple
395 87 425 144 Apple
200 124 242 306 Fork
234 82 271 266 Knife
180 121 214 270 Spoon
293 154 315 170 Grape
368 102 398 130 Grape
424 100 442 124 Grape
228 146 241 164 Rocket
266 180 294 204 Rocket
284 210 327 252 Rocket
238 212 256 224 Rocket
240 224 263 246 Rocket
284 263 302 294 Rocket
188 242 207 253 Rocket
191 226 218 244 Rocket
169 201 218 226 Rocket
156 153 194 204 Rocket
