25
388 238 502 316 Glass
270 185 310 292 Yellow Pasta
238 244 260 288 Yellow Pasta
194 207 229 221 Yellow Pasta
155 145 204 250 Yellow Pasta
270 155 329 176 Apple
392 90 422 145 Apple
208 112 259 312 Fork
244 68 280 268 Knife
184 108 223 274 Spoon
304 150 324 166 Grape
372 102 400 130 Grape
418 105 433 127 Grape
236 136 248 158 Rocket
278 178 303 202 Rocket
248 210 266 226 Rocket
299 262 312 293 Rocket
294 210 340 250 Rocket
250 218 276 246 Rocket
196 244 210 256 Rocket
198 225 228 244 Rocket
166 145 188 179 Rocket
161 164 194 202 Rocket
174 202 196 224 Rocket
200 198 226 214 Rocket
