21
354 14 443 106 Glass
225 204 260 219 Yellow Pasta
236 188 270 204 Yellow Pasta
254 156 312 185 Yellow Pasta
236 221 290 279 Yellow Pasta
284 232 350 278 Yellow Pasta
316 266 336 302 Yellow Pasta
128 202 168 252 Apple
148 106 202 137 Apple
434 80 473 256 Fork
274 206 464 268 Knife
121 195 210 318 Spoon
184 134 204 151 Grape
184 87 206 118 Grape
165 91 185 108 Grape
326 152 352 182 Rocket
253 136 297 204 Rocket
248 254 264 276 Rocket
248 222 268 238 Rocket
294 232 314 242 Rocket
344 215 379 248 Rocket
