23
88 244 182 326 Glass
344 131 418 172 Yellow Pasta
293 141 317 199 Yellow Pasta
258 185 322 256 Yellow Pasta
133 78 156 134 Apple
148 92 192 138 Apple
110 162 219 317 Fork
314 168 494 254 Knife
144 54 276 90 Spoon
145 78 162 92 Grape
166 80 186 96 Grape
185 88 206 116 Grape
374 238 391 249 Rocket
348 208 375 234 Rocket
329 223 341 237 Rocket
336 172 364 186 Rocket
322 126 354 164 Rocket
270 184 283 198 Rocket
275 236 304 266 Rocket
294 228 316 243 Rocket
283 174 314 206 Rocket
302 201 320 226 Rocket
274 224 288 232 Rocket
