22
44 38 146 134 Glass
234 296 258 310 Yellow Pasta
260 263 282 306 Yellow Pasta
269 174 334 290 Yellow Pasta
154 200 236 300 Yellow Pasta
357 100 394 158 Apple
384 86 418 146 Apple
174 152 294 328 Fork
188 104 300 276 Knife
156 162 246 306 Spoon
364 94 393 121 Grape
384 136 402 155 Grape
416 98 435 121 Grape
210 170 229 186 Rocket
152 208 242 282 Rocket
216 282 233 296 Rocket
252 224 266 245 Rocket
263 235 286 268 Rocket
262 183 294 200 Rocket
304 180 316 196 Rocket
310 209 347 238 Rocket
324 260 342 292 Rocket
