21
57 208 161 302 Glass
248 236 283 266 Yellow Pasta
220 255 232 264 Yellow Pasta
214 189 274 226 Yellow Pasta
214 150 295 188 Yellow Pasta
273 182 331 306 Yellow Pasta
114 141 182 154 Apple
112 96 171 133 Apple
176 171 327 330 Fork
320 142 462 314 Knife
204 147 323 275 Spoon
108 115 138 145 Grape
134 79 156 101 Grape
159 126 180 140 Grape
314 222 378 258 Rocket
221 222 238 238 Rocket
236 207 256 236 Rocket
221 182 274 203 Rocket
318 142 348 163 Rocket
318 166 335 179 Rocket
228 129 280 170 Rocket
