23
76 244 168 328 Glass
338 136 408 172 Yellow Pasta
277 148 304 198 Yellow Pasta
247 190 262 205 Yellow Pasta
264 206 292 235 Yellow Pasta
303 149 318 168 Yellow Pasta
292 224 310 252 Yellow Pasta
310 228 330 240 Yellow Pasta
122 77 144 134 Apple
138 90 182 139 Apple
98 164 206 318 Fork
304 171 483 258 Knife
132 53 267 88 Spoon
134 77 150 92 Grape
156 80 178 98 Grape
175 90 196 118 Grape
362 242 380 252 Rocket
337 212 363 238 Rocket
264 235 295 267 Rocket
259 178 300 208 Rocket
297 204 310 225 Rocket
324 170 355 190 Rocket
308 127 346 166 Rocket
