27
49 208 158 306 Glass
347 222 370 258 Yellow Pasta
273 219 347 318 Yellow Pasta
234 252 268 282 Yellow Pasta
202 136 274 217 Yellow Pasta
107 142 176 156 Apple
105 98 166 134 Apple
227 122 322 310 Fork
272 106 373 285 Knife
218 113 306 258 Spoon
152 126 174 144 Grape
128 82 151 102 Grape
101 118 132 144 Grape
305 160 322 177 Rocket
322 215 350 239 Rocket
348 245 368 259 Rocket
278 304 306 331 Rocket
317 256 356 309 Rocket
266 244 300 259 Rocket
278 228 301 240 Rocket
216 223 230 238 Rocket
229 210 249 236 Rocket
216 184 241 198 Rocket
242 190 271 208 Rocket
218 157 236 166 Rocket
238 155 261 168 Rocket
232 128 264 156 Rocket
