22
390 234 500 321 Glass
226 238 239 287 Yellow Pasta
250 177 295 284 Yellow Pasta
146 146 216 244 Yellow Pasta
250 154 312 174 Apple
392 80 422 136 Apple
192 114 237 305 Fork
227 72 266 263 Knife
170 112 206 268 Spoon
289 147 310 162 Grape
366 94 394 122 Grape
421 93 440 118 Grape
262 172 288 200 Rocket
150 148 188 178 Rocket
146 180 170 196 Rocket
160 194 211 224 Rocket
183 220 213 240 Rocket
179 240 197 252 Rocket
280 260 296 292 Rocket
277 208 326 250 Rocket
232 207 253 221 Rocket
235 220 259 242 Rocket
