24
67 47 160 136 Glass
195 263 214 278 Yellow Pasta
226 243 242 284 Yellow Pasta
254 184 290 288 Yellow Pasta
149 156 194 252 Yellow Pasta
196 210 219 224 Yellow Pasta
386 84 418 143 Apple
248 159 310 179 Apple
191 123 239 308 Fork
226 80 268 265 Knife
170 121 208 271 Spoon
287 152 308 168 Grape
362 98 390 126 Grape
415 97 434 120 Grape
219 144 236 164 Rocket
150 154 188 230 Rocket
187 199 214 222 Rocket
182 243 202 257 Rocket
186 222 216 245 Rocket
234 210 247 228 Rocket
259 180 286 205 Rocket
280 262 294 292 Rocket
276 208 320 252 Rocket
236 218 264 248 Rocket
