23
340 4 432 110 Glass
235 157 275 170 Yellow Pasta
262 156 298 190 Yellow Pasta
218 193 256 207 Yellow Pasta
210 208 245 226 Yellow Pasta
216 225 278 291 Yellow Pasta
278 237 338 309 Yellow Pasta
135 135 196 155 Apple
158 114 213 144 Apple
422 76 463 258 Fork
260 211 454 272 Knife
93 202 200 324 Spoon
194 130 211 147 Grape
182 86 207 116 Grape
158 82 177 104 Grape
315 154 335 170 Rocket
312 168 339 184 Rocket
249 137 279 164 Rocket
241 159 281 208 Rocket
235 264 248 282 Rocket
233 229 252 243 Rocket
280 218 368 254 Rocket
284 206 298 221 Rocket
