5 0.48115079365079366 0.43915343915343913 0.06547619047619048 0.07539682539682539
5 0.5436507936507936 0.4603174603174603 0.05853174603174603 0.09656084656084656
5 0.6884920634920635 0.4947089947089947 0.060515873015873016 0.07804232804232804
5 0.5873015873015873 0.6574074074074074 0.0625 0.06878306878306878
5 0.6428571428571429 0.6296296296296297 0.05357142857142857 0.1349206349206349
4 0.5357142857142857 0.5740740740740741 0.14186507936507936 0.09391534391534391
4 0.626984126984127 0.4656084656084656 0.09226190476190477 0.13624338624338625
4 0.7103174603174603 0.6031746031746031 0.06944444444444445 0.1349206349206349
3 0.8313492063492064 0.1402116402116402 0.2152777777777778 0.2804232804232804
0 0.25595238095238093 0.6825396825396826 0.36607142857142855 0.28835978835978837
1 0.7837301587301587 0.4417989417989418 0.42956349206349204 0.24074074074074073
2 0.3392857142857143 0.27380952380952384 0.23115079365079366 0.2962962962962963
18 0.7182539682539683 0.6111111111111112 0.0248015873015873 0.031746031746031744