5 0.5476190476190477 0.6587301587301587 0.054563492063492064 0.0992063492063492
5 0.6299603174603174 0.6640211640211641 0.08531746031746032 0.10052910052910052
5 0.4365079365079365 0.582010582010582 0.054563492063492064 0.07539682539682539
5 0.49404761904761907 0.5661375661375662 0.057539682539682536 0.06349206349206349
5 0.5337301587301587 0.4417989417989418 0.07043650793650794 0.07804232804232804
4 0.4712301587301587 0.4642857142857143 0.06349206349206349 0.09523809523809523
4 0.5238095238095238 0.5 0.0 0.0
4 0.5962301587301587 0.544973544973545 0.1488095238095238 0.10978835978835978
4 0.4861111111111111 0.6455026455026455 0.06646825396825397 0.07275132275132275
4 0.7023809523809523 0.656084656084656 0.05257936507936508 0.09391534391534391
3 0.1974206349206349 0.16666666666666666 0.20833333333333334 0.2671957671957672
0 0.38492063492063494 0.2777777777777778 0.3621031746031746 0.19047619047619047
1 0.7847222222222222 0.4828042328042328 0.40674603174603174 0.1984126984126984
2 0.2718253968253968 0.6468253968253969 0.27976190476190477 0.2751322751322751
18 0.4305555555555556 0.5026455026455027 0.022817460317460316 0.03571428571428571
18 0.4623015873015873 0.47354497354497355 0.017857142857142856 0.03042328042328042