5 0.5525793650793651 0.6640211640211641 0.05555555555555555 0.08465608465608465
5 0.5902777777777778 0.7261904761904762 0.06944444444444445 0.09788359788359788
5 0.6676587301587301 0.5158730158730159 0.08134920634920635 0.10978835978835978
4 0.5734126984126984 0.5529100529100529 0.10515873015873016 0.1388888888888889
4 0.6507936507936508 0.6005291005291006 0.11210317460317461 0.08597883597883597
4 0.6736111111111112 0.6587301587301587 0.07936507936507936 0.10714285714285714
3 0.19246031746031747 0.23015873015873015 0.20634920634920634 0.23412698412698413
0 0.38095238095238093 0.3029100529100529 0.31746031746031744 0.21693121693121692
1 0.8591269841269841 0.6071428571428571 0.10813492063492064 0.5793650793650794
2 0.3055555555555556 0.6970899470899471 0.08432539682539683 0.40476190476190477
18 0.4880952380952381 0.5423280423280423 0.03273809523809524 0.03835978835978836