5 0.4632936507936508 0.5568783068783069 0.06746031746031746 0.0873015873015873
5 0.5595238095238095 0.6759259259259259 0.05853174603174603 0.07671957671957672
5 0.6488095238095238 0.6481481481481481 0.08630952380952381 0.08333333333333333
5 0.5416666666666666 0.41798941798941797 0.06448412698412699 0.0873015873015873
5 0.6954365079365079 0.5105820105820106 0.06547619047619048 0.07142857142857142
4 0.4742063492063492 0.4497354497354497 0.0625 0.11243386243386243
4 0.7073412698412699 0.6097883597883598 0.06944444444444445 0.12698412698412698
4 0.45634920634920634 0.626984126984127 0.04861111111111111 0.05291005291005291
4 0.5863095238095238 0.49206349206349204 0.10119047619047619 0.051587301587301584
3 0.22023809523809523 0.16666666666666666 0.19345238095238096 0.2552910052910053
0 0.43253968253968256 0.7248677248677249 0.3005952380952381 0.3835978835978836
1 0.7738095238095238 0.45634920634920634 0.36607142857142855 0.18253968253968253
2 0.2916666666666667 0.626984126984127 0.2698412698412698 0.2447089947089947
18 0.44047619047619047 0.48148148148148145 0.020833333333333332 0.03306878306878307
18 0.7182539682539683 0.6243386243386243 0.0248015873015873 0.031746031746031744