5 0.6418650793650794 0.6626984126984127 0.061507936507936505 0.12698412698412698
5 0.5853174603174603 0.6904761904761905 0.0625 0.08597883597883597
5 0.47619047619047616 0.47619047619047616 0.07142857142857142 0.07275132275132275
5 0.6884920634920635 0.5304232804232805 0.05654761904761905 0.07407407407407407
5 0.5396825396825397 0.49603174603174605 0.04861111111111111 0.09259259259259259
4 0.5277777777777778 0.5978835978835979 0.13988095238095238 0.08862433862433862
4 0.6081349206349206 0.4894179894179894 0.05357142857142857 0.1349206349206349
4 0.7093253968253969 0.6335978835978836 0.06547619047619048 0.13227513227513227
4 0.44047619047619047 0.6957671957671958 0.040674603174603176 0.05291005291005291
4 0.5059523809523809 0.7195767195767195 0.040674603174603176 0.07275132275132275
4 0.5178571428571429 0.3941798941798942 0.0873015873015873 0.07804232804232804
3 0.8184523809523809 0.17724867724867724 0.21031746031746032 0.2791005291005291
0 0.25396825396825395 0.708994708994709 0.3601190476190476 0.2843915343915344
1 0.7797619047619048 0.47619047619047616 0.42063492063492064 0.24338624338624337
2 0.3412698412698413 0.30952380952380953 0.21626984126984128 0.2751322751322751