5 0.5009920634920635 0.6150793650793651 0.041666666666666664 0.0873015873015873
5 0.5386904761904762 0.5873015873015873 0.05555555555555555 0.08597883597883597
5 0.5297619047619048 0.6984126984126984 0.054563492063492064 0.0701058201058201
5 0.5972222222222222 0.6005291005291006 0.0625 0.10978835978835978
5 0.6696428571428571 0.5476190476190477 0.06349206349206349 0.08333333333333333
4 0.44047619047619047 0.6124338624338624 0.07242063492063493 0.07671957671957672
4 0.6765873015873016 0.6455026455026455 0.07936507936507936 0.11507936507936507
3 0.7876984126984127 0.24074074074074073 0.19543650793650794 0.24603174603174602
0 0.31646825396825395 0.783068783068783 0.3253968253968254 0.2605820105820106
1 0.7490079365079365 0.5 0.37103174603174605 0.19444444444444445
2 0.3611111111111111 0.34656084656084657 0.19345238095238096 0.2724867724867725