5 0.43452380952380953 0.5238095238095238 0.054563492063492064 0.07142857142857142
5 0.44246031746031744 0.41005291005291006 0.06646825396825397 0.07539682539682539
5 0.5128968253968254 0.7724867724867724 0.05357142857142857 0.08862433862433862
5 0.5773809523809523 0.6428571428571429 0.0882936507936508 0.08597883597883597
4 0.4722222222222222 0.5886243386243386 0.1259920634920635 0.04497354497354497
4 0.5099206349206349 0.6468253968253969 0.037698412698412696 0.07936507936507936
4 0.49603174603174605 0.5171957671957672 0.04861111111111111 0.082010582010582
4 0.5515873015873016 0.5026455026455027 0.060515873015873016 0.06878306878306878
3 0.7876984126984127 0.16137566137566137 0.19940476190476192 0.2751322751322751
0 0.30654761904761907 0.7222222222222222 0.35714285714285715 0.23941798941798942
1 0.75 0.5396825396825397 0.3462301587301587 0.3716931216931217
2 0.2896825396825397 0.35978835978835977 0.1597222222222222 0.4007936507936508