1 0.7043650793650794 0.6111111111111112 0.3194444444444444 0.2526455026455027
0 0.26884920634920634 0.5066137566137566 0.25992063492063494 0.35714285714285715
3 0.23015873015873015 0.6984126984126984 0.1884920634920635 0.25
8 0.43353174603174605 0.6164021164021164 0.05952380952380952 0.07407407407407407
8 0.5466269841269841 0.4246031746031746 0.04365079365079365 0.06878306878306878
8 0.5416666666666666 0.35978835978835977 0.04662698412698413 0.062169312169312166
8 0.4126984126984127 0.35978835978835977 0.034722222222222224 0.05555555555555555
7 0.38492063492063494 0.4603174603174603 0.03968253968253968 0.06084656084656084
7 0.3759920634920635 0.5568783068783069 0.03571428571428571 0.06349206349206349
7 0.5029761904761905 0.5436507936507936 0.057539682539682536 0.07671957671957672
7 0.44841269841269843 0.3386243386243386 0.041666666666666664 0.05291005291005291
7 0.5099206349206349 0.42857142857142855 0.028769841269841268 0.04365079365079365
7 0.5853174603174603 0.40476190476190477 0.037698412698412696 0.062169312169312166
6 0.4503968253968254 0.41534391534391535 0.07738095238095238 0.10582010582010581