1 0.6825396825396826 0.6917989417989417 0.29464285714285715 0.24867724867724866
0 0.25992063492063494 0.5714285714285714 0.26686507936507936 0.373015873015873
3 0.22817460317460317 0.8306878306878307 0.19246031746031747 0.25132275132275134
8 0.5535714285714286 0.4113756613756614 0.04662698412698413 0.07142857142857142
8 0.5496031746031746 0.4894179894179894 0.051587301587301584 0.07804232804232804
8 0.42063492063492064 0.6878306878306878 0.044642857142857144 0.07539682539682539
8 0.40674603174603174 0.4060846560846561 0.03869047619047619 0.06084656084656084
7 0.5029761904761905 0.5978835978835979 0.057539682539682536 0.07539682539682539
7 0.5952380952380952 0.4603174603174603 0.040674603174603176 0.082010582010582
7 0.4444444444444444 0.36904761904761907 0.060515873015873016 0.07142857142857142
7 0.37103174603174605 0.533068783068783 0.05257936507936508 0.06613756613756613
7 0.3621031746031746 0.6243386243386243 0.0496031746031746 0.07142857142857142
6 0.45634920634920634 0.455026455026455 0.13690476190476192 0.11904761904761904