1 0.7063492063492064 0.6547619047619048 0.34424603174603174 0.2328042328042328
0 0.4236111111111111 0.7354497354497355 0.3115079365079365 0.33465608465608465
3 0.8075396825396826 0.21693121693121692 0.19146825396825398 0.26851851851851855
8 0.5416666666666666 0.3783068783068783 0.047619047619047616 0.06746031746031746
8 0.5555555555555556 0.4894179894179894 0.04563492063492063 0.06613756613756613
8 0.49404761904761907 0.593915343915344 0.050595238095238096 0.06349206349206349
8 0.4384920634920635 0.6587301587301587 0.05357142857142857 0.062169312169312166
7 0.45535714285714285 0.4298941798941799 0.051587301587301584 0.0582010582010582
7 0.5029761904761905 0.4417989417989418 0.03968253968253968 0.07539682539682539
7 0.38492063492063494 0.4444444444444444 0.054563492063492064 0.06746031746031746
7 0.36706349206349204 0.6137566137566137 0.03869047619047619 0.0582010582010582
7 0.5833333333333334 0.42063492063492064 0.03869047619047619 0.06481481481481481
7 0.4712301587301587 0.7288359788359788 0.03373015873015873 0.047619047619047616
6 0.48115079365079366 0.48148148148148145 0.0496031746031746 0.056878306878306875
6 0.34325396825396826 0.3994708994708995 0.05654761904761905 0.13095238095238096
6 0.4017857142857143 0.6124338624338624 0.025793650793650792 0.12962962962962962
6 0.40674603174603174 0.4894179894179894 0.030753968253968252 0.05026455026455026