1 0.7371031746031746 0.41798941798941797 0.3630952380952381 0.1746031746031746
0 0.25396825396825395 0.4444444444444444 0.29464285714285715 0.4351851851851852
3 0.2123015873015873 0.8134920634920635 0.22916666666666666 0.2751322751322751
8 0.5178571428571429 0.28835978835978837 0.060515873015873016 0.07275132275132275
8 0.4742063492063492 0.3187830687830688 0.05357142857142857 0.07142857142857142
8 0.5654761904761905 0.4973544973544973 0.0496031746031746 0.06746031746031746
8 0.35714285714285715 0.458994708994709 0.05357142857142857 0.06613756613756613
7 0.3273809523809524 0.40476190476190477 0.06448412698412699 0.07539682539682539
7 0.3412698412698413 0.5026455026455027 0.04662698412698413 0.04365079365079365
7 0.49007936507936506 0.4470899470899471 0.05555555555555555 0.07804232804232804
7 0.4712301587301587 0.5582010582010583 0.04563492063492063 0.06613756613756613
7 0.5218253968253969 0.5595238095238095 0.05257936507936508 0.07142857142857142
7 0.498015873015873 0.593915343915344 0.050595238095238096 0.0582010582010582
6 0.38591269841269843 0.36507936507936506 0.027777777777777776 0.11904761904761904
6 0.48313492063492064 0.38227513227513227 0.05952380952380952 0.05026455026455026
6 0.43253968253968256 0.458994708994709 0.05853174603174603 0.13756613756613756