1 0.7063492063492064 0.5793650793650794 0.3621031746031746 0.2447089947089947
0 0.3888888888888889 0.667989417989418 0.3343253968253968 0.3412698412698413
3 0.7688492063492064 0.1693121693121693 0.1765873015873016 0.2751322751322751
8 0.41865079365079366 0.578042328042328 0.051587301587301584 0.07142857142857142
8 0.4732142857142857 0.5158730158730159 0.051587301587301584 0.05423280423280423
8 0.5238095238095238 0.32407407407407407 0.047619047619047616 0.06613756613756613
8 0.5376984126984127 0.4246031746031746 0.047619047619047616 0.06613756613756613
7 0.3382936507936508 0.5291005291005291 0.051587301587301584 0.07275132275132275
7 0.4365079365079365 0.36772486772486773 0.05952380952380952 0.07539682539682539
7 0.5684523809523809 0.37037037037037035 0.05555555555555555 0.06349206349206349
7 0.44246031746031744 0.6402116402116402 0.05654761904761905 0.056878306878306875
7 0.36507936507936506 0.3664021164021164 0.0496031746031746 0.05555555555555555
6 0.4652777777777778 0.41798941798941797 0.047619047619047616 0.04497354497354497
6 0.3194444444444444 0.3478835978835979 0.04861111111111111 0.12169312169312169
6 0.42857142857142855 0.3029100529100529 0.06349206349206349 0.06878306878306878
6 0.3888888888888889 0.5158730158730159 0.03869047619047619 0.0992063492063492