1 0.7281746031746031 0.5238095238095238 0.10218253968253968 0.503968253968254
0 0.5436507936507936 0.798941798941799 0.3978174603174603 0.09523809523809523
3 0.8412698412698413 0.12962962962962962 0.19642857142857142 0.25396825396825395
8 0.5575396825396826 0.541005291005291 0.0496031746031746 0.07142857142857142
8 0.5615079365079365 0.4417989417989418 0.044642857142857144 0.06481481481481481
8 0.5565476190476191 0.3544973544973545 0.05555555555555555 0.07539682539682539
8 0.49007936507936506 0.42857142857142855 0.04861111111111111 0.062169312169312166
7 0.503968253968254 0.3373015873015873 0.05555555555555555 0.08465608465608465
7 0.5982142857142857 0.4656084656084656 0.04365079365079365 0.07539682539682539
7 0.5317460317460317 0.4894179894179894 0.050595238095238096 0.0701058201058201
7 0.4880952380952381 0.5251322751322751 0.04265873015873016 0.0582010582010582
6 0.4037698412698413 0.3968253968253968 0.13293650793650794 0.24603174603174602