1 0.7023809523809523 0.3584656084656085 0.3819444444444444 0.10846560846560846
0 0.21329365079365079 0.4497354497354497 0.38492063492063494 0.39021164021164023
3 0.19047619047619047 0.8333333333333334 0.23809523809523808 0.26851851851851855
8 0.5813492063492064 0.4947089947089947 0.05357142857142857 0.07275132275132275
8 0.3492063492063492 0.5767195767195767 0.05357142857142857 0.0701058201058201
8 0.39384920634920634 0.35978835978835977 0.047619047619047616 0.06613756613756613
7 0.4662698412698413 0.6177248677248677 0.04861111111111111 0.06349206349206349
7 0.5238095238095238 0.48677248677248675 0.05555555555555555 0.07539682539682539
7 0.4603174603174603 0.5238095238095238 0.04861111111111111 0.08068783068783068
7 0.501984126984127 0.6362433862433863 0.03869047619047619 0.05555555555555555
6 0.45337301587301587 0.4193121693121693 0.09126984126984126 0.1164021164021164
6 0.36507936507936506 0.46825396825396826 0.060515873015873016 0.11507936507936507