1 0.6845238095238095 0.6375661375661376 0.07837301587301587 0.44576719576719576
0 0.5238095238095238 0.91005291005291 0.34523809523809523 0.08862433862433862
3 0.7817460317460317 0.28835978835978837 0.18452380952380953 0.24338624338624337
8 0.5416666666666666 0.6653439153439153 0.05257936507936508 0.07142857142857142
8 0.48214285714285715 0.5529100529100529 0.04861111111111111 0.06746031746031746
8 0.5416666666666666 0.5687830687830688 0.04662698412698413 0.0701058201058201
8 0.5416666666666666 0.4947089947089947 0.04662698412698413 0.05423280423280423
7 0.498015873015873 0.4722222222222222 0.051587301587301584 0.07671957671957672
7 0.5188492063492064 0.6137566137566137 0.047619047619047616 0.06481481481481481
7 0.5773809523809523 0.5925925925925926 0.037698412698412696 0.06613756613756613
6 0.3968253968253968 0.5158730158730159 0.1259920634920635 0.20238095238095238