1 0.6617063492063492 0.5767195767195767 0.35714285714285715 0.2566137566137566
0 0.21924603174603174 0.5978835978835979 0.18452380952380953 0.44312169312169314
3 0.7361111111111112 0.18518518518518517 0.17261904761904762 0.26851851851851855
8 0.4523809523809524 0.6507936507936508 0.044642857142857144 0.05952380952380952
8 0.42956349206349204 0.4722222222222222 0.04365079365079365 0.0582010582010582
8 0.36706349206349204 0.5978835978835979 0.05853174603174603 0.07275132275132275
8 0.37896825396825395 0.4060846560846561 0.04265873015873016 0.06084656084656084
7 0.5238095238095238 0.4126984126984127 0.04861111111111111 0.06481481481481481
7 0.4226190476190476 0.6190476190476191 0.04861111111111111 0.06878306878306878
7 0.3869047619047619 0.6587301587301587 0.06349206349206349 0.06613756613756613
7 0.38591269841269843 0.5304232804232805 0.05357142857142857 0.06613756613756613
7 0.32936507936507936 0.42724867724867727 0.04662698412698413 0.07142857142857142
6 0.3492063492063492 0.3505291005291005 0.13392857142857142 0.06613756613756613