1 0.7083333333333334 0.37566137566137564 0.3869047619047619 0.10185185185185185
0 0.2123015873015873 0.4708994708994709 0.36607142857142855 0.39814814814814814
3 0.20436507936507936 0.8492063492063492 0.22420634920634921 0.2804232804232804
8 0.5853174603174603 0.5013227513227513 0.054563492063492064 0.07142857142857142
8 0.35119047619047616 0.5925925925925926 0.05357142857142857 0.07142857142857142
8 0.39186507936507936 0.3783068783068783 0.047619047619047616 0.056878306878306875
7 0.5198412698412699 0.4973544973544973 0.057539682539682536 0.08333333333333333
7 0.4642857142857143 0.6283068783068783 0.05357142857142857 0.06349206349206349
7 0.501984126984127 0.6481481481481481 0.034722222222222224 0.046296296296296294
7 0.4662698412698413 0.5370370370370371 0.05357142857142857 0.08068783068783068
6 0.45634920634920634 0.42857142857142855 0.07539682539682539 0.13624338624338625
6 0.37003968253968256 0.455026455026455 0.07936507936507936 0.05952380952380952