5 0.2261904761904762 0.1984126984126984 0.031746031746031744 0.046296296296296294
5 0.22420634920634921 0.25793650793650796 0.030753968253968252 0.05026455026455026
5 0.2896825396825397 0.3187830687830688 0.034722222222222224 0.03968253968253968
5 0.2619047619047619 0.3835978835978836 0.027777777777777776 0.04894179894179894
4 0.2718253968253968 0.26322751322751325 0.0625 0.06613756613756613
4 0.25992063492063494 0.328042328042328 0.01984126984126984 0.06084656084656084
4 0.3392857142857143 0.3134920634920635 0.031746031746031744 0.03439153439153439
4 0.2876984126984127 0.19444444444444445 0.047619047619047616 0.07671957671957672
3 0.4017857142857143 0.07804232804232804 0.10119047619047619 0.12962962962962962
0 0.16071428571428573 0.35185185185185186 0.17559523809523808 0.1164021164021164
1 0.3819444444444444 0.27380952380952384 0.16666666666666666 0.1931216931216931
2 0.15079365079365079 0.17063492063492064 0.0763888888888889 0.1984126984126984