4 0.23809523809523808 0.25396825396825395 0.028769841269841268 0.05952380952380952
4 0.2013888888888889 0.3082010582010582 0.0496031746031746 0.0291005291005291
4 0.2708333333333333 0.25396825396825395 0.03373015873015873 0.047619047619047616
4 0.19940476190476192 0.21693121693121692 0.02976190476190476 0.06878306878306878
4 0.23015873015873015 0.16666666666666666 0.037698412698412696 0.02513227513227513
4 0.3134920634920635 0.30952380952380953 0.03571428571428571 0.04894179894179894
4 0.23115079365079366 0.20238095238095238 0.03373015873015873 0.04497354497354497
4 0.1865079365079365 0.2777777777777778 0.030753968253968252 0.031746031746031744
4 0.24107142857142858 0.31084656084656087 0.021825396825396824 0.03968253968253968
4 0.2757936507936508 0.31216931216931215 0.037698412698412696 0.046296296296296294
0 0.17857142857142858 0.10449735449735449 0.10416666666666667 0.09788359788359788
2 0.12003968253968254 0.30423280423280424 0.09722222222222222 0.11772486772486772
3 0.061507936507936505 0.09391534391534391 0.11210317460317461 0.10846560846560846
1 0.3630952380952381 0.2156084656084656 0.2251984126984127 0.09259259259259259
18 0.18353174603174602 0.23809523809523808 0.00992063492063492 0.01984126984126984