5 0.30357142857142855 0.3201058201058201 0.04365079365079365 0.047619047619047616
5 0.2648809523809524 0.31746031746031744 0.027777777777777776 0.047619047619047616
5 0.25595238095238093 0.21164021164021163 0.034722222222222224 0.046296296296296294
5 0.20932539682539683 0.2791005291005291 0.02976190476190476 0.03439153439153439
5 0.2361111111111111 0.2698412698412698 0.026785714285714284 0.03306878306878307
4 0.23809523809523808 0.30952380952380953 0.026785714285714284 0.042328042328042326
4 0.2857142857142857 0.2566137566137566 0.06746031746031746 0.04365079365079365
4 0.2261904761904762 0.22354497354497355 0.022817460317460316 0.05555555555555555
4 0.25793650793650796 0.17724867724867724 0.034722222222222224 0.021164021164021163
4 0.3382936507936508 0.31746031746031744 0.023809523809523808 0.042328042328042326
4 0.21031746031746032 0.31216931216931215 0.027777777777777776 0.026455026455026454
3 0.08234126984126984 0.07804232804232804 0.10317460317460317 0.1349206349206349
0 0.1775793650793651 0.1335978835978836 0.1765873015873016 0.10317460317460317
1 0.38095238095238093 0.2208994708994709 0.20634920634920634 0.10317460317460317
2 0.1259920634920635 0.31746031746031744 0.13690476190476192 0.14153439153439154
18 0.20436507936507936 0.24206349206349206 0.01488095238095238 0.018518518518518517