5 0.2638888888888889 0.21296296296296297 0.03571428571428571 0.04497354497354497
5 0.2152777777777778 0.28174603174603174 0.02976190476190476 0.03968253968253968
5 0.2698412698412698 0.32275132275132273 0.028769841269841268 0.046296296296296294
5 0.24404761904761904 0.2751322751322751 0.027777777777777776 0.03835978835978836
5 0.3115079365079365 0.3306878306878307 0.04265873015873016 0.05291005291005291
4 0.2996031746031746 0.2671957671957672 0.060515873015873016 0.047619047619047616
4 0.23313492063492064 0.2275132275132275 0.025793650793650792 0.0582010582010582
4 0.2638888888888889 0.17989417989417988 0.034722222222222224 0.022486772486772486
4 0.24206349206349206 0.3134920634920635 0.022817460317460316 0.03968253968253968
3 0.09523809523809523 0.07407407407407407 0.1001984126984127 0.13756613756613756
0 0.1884920634920635 0.12962962962962962 0.1865079365079365 0.0992063492063492
1 0.3888888888888889 0.2328042328042328 0.20634920634920634 0.11507936507936507
2 0.13194444444444445 0.31613756613756616 0.13690476190476192 0.1402116402116402
18 0.2123015873015873 0.24338624338624337 0.011904761904761904 0.017195767195767195
18 0.2261904761904762 0.2328042328042328 0.006944444444444444 0.015873015873015872