5 0.23015873015873015 0.2857142857142857 0.030753968253968252 0.04365079365079365
5 0.25892857142857145 0.2791005291005291 0.025793650793650792 0.03968253968253968
5 0.2777777777777778 0.2156084656084656 0.027777777777777776 0.04497354497354497
5 0.2837301587301587 0.3306878306878307 0.030753968253968252 0.046296296296296294
5 0.32142857142857145 0.3333333333333333 0.03571428571428571 0.04497354497354497
4 0.24107142857142858 0.22883597883597884 0.03373015873015873 0.06084656084656084
4 0.30753968253968256 0.27380952380952384 0.07142857142857142 0.06613756613756613
4 0.24603174603174602 0.32275132275132273 0.04563492063492063 0.026455026455026454
3 0.1130952380952381 0.062169312169312166 0.0992063492063492 0.12433862433862433
0 0.19543650793650794 0.12169312169312169 0.1884920634920635 0.08465608465608465
1 0.3888888888888889 0.2447089947089947 0.18154761904761904 0.10846560846560846
2 0.1349206349206349 0.32275132275132273 0.1636904761904762 0.15343915343915343
18 0.22321428571428573 0.24603174603174602 0.013888888888888888 0.015873015873015872