1 0.3621031746031746 0.3148148148148148 0.16865079365079366 0.1335978835978836
0 0.12400793650793651 0.2566137566137566 0.15674603174603174 0.21693121693121692
3 0.1111111111111111 0.4021164021164021 0.1111111111111111 0.1283068783068783
8 0.2847222222222222 0.164021164021164 0.025793650793650792 0.03306878306878307
8 0.28273809523809523 0.20634920634920634 0.025793650793650792 0.03571428571428571
8 0.21825396825396826 0.3201058201058201 0.023809523809523808 0.03835978835978836
8 0.20833333333333334 0.16534391534391535 0.01984126984126984 0.0291005291005291
7 0.2251984126984127 0.14285714285714285 0.03373015873015873 0.03835978835978836
7 0.30654761904761907 0.19047619047619047 0.025793650793650792 0.03571428571428571
7 0.25992063492063494 0.2698412698412698 0.03273809523809524 0.031746031746031744
7 0.19246031746031747 0.2328042328042328 0.022817460317460316 0.03306878306878307
7 0.18551587301587302 0.28703703703703703 0.021825396825396824 0.031746031746031744
7 0.2490079365079365 0.2857142857142857 0.021825396825396824 0.02513227513227513
6 0.22321428571428573 0.20238095238095238 0.057539682539682536 0.037037037037037035