1 0.34226190476190477 0.31084656084656087 0.14087301587301587 0.10582010582010581
0 0.20634920634920634 0.35714285714285715 0.15873015873015872 0.16534391534391535
3 0.3958333333333333 0.1164021164021164 0.09722222222222222 0.11772486772486772
8 0.22023809523809523 0.3134920634920635 0.026785714285714284 0.031746031746031744
8 0.2728174603174603 0.17724867724867724 0.021825396825396824 0.037037037037037035
8 0.2787698412698413 0.2328042328042328 0.021825396825396824 0.03306878306878307
8 0.24702380952380953 0.2843915343915344 0.025793650793650792 0.0291005291005291
7 0.23214285714285715 0.20238095238095238 0.027777777777777776 0.03439153439153439
7 0.19642857142857142 0.20105820105820105 0.026785714285714284 0.031746031746031744
7 0.18253968253968253 0.291005291005291 0.023809523809523808 0.03306878306878307
7 0.25793650793650796 0.25925925925925924 0.027777777777777776 0.026455026455026454
7 0.29365079365079366 0.2037037037037037 0.022817460317460316 0.027777777777777776
7 0.2361111111111111 0.3505291005291005 0.01984126984126984 0.0291005291005291
6 0.22718253968253968 0.16534391534391535 0.03373015873015873 0.04497354497354497
6 0.16964285714285715 0.18253968253968253 0.025793650793650792 0.07407407407407407
6 0.24206349206349206 0.2328042328042328 0.027777777777777776 0.021164021164021163
6 0.20238095238095238 0.2804232804232804 0.012896825396825396 0.04365079365079365