1 0.3492063492063492 0.21428571428571427 0.1746031746031746 0.051587301587301584
0 0.12896825396825398 0.2447089947089947 0.16765873015873015 0.17195767195767195
3 0.11507936507936507 0.42063492063492064 0.10218253968253968 0.12169312169312169
8 0.18452380952380953 0.30687830687830686 0.0248015873015873 0.031746031746031744
8 0.2916666666666667 0.2724867724867725 0.0248015873015873 0.031746031746031744
8 0.20734126984126985 0.20899470899470898 0.023809523809523808 0.02513227513227513
7 0.2638888888888889 0.2671957671957672 0.023809523809523808 0.037037037037037035
7 0.2361111111111111 0.3253968253968254 0.022817460317460316 0.026455026455026454
7 0.25396825396825395 0.335978835978836 0.018849206349206348 0.015873015873015872
7 0.23809523809523808 0.2857142857142857 0.022817460317460316 0.03571428571428571
6 0.23412698412698413 0.24074074074074073 0.04265873015873016 0.0582010582010582
6 0.19543650793650794 0.2566137566137566 0.02976190476190476 0.05423280423280423