1 0.31646825396825395 0.1693121693121693 0.2003968253968254 0.042328042328042326
0 0.0992063492063492 0.21693121693121692 0.14484126984126985 0.1626984126984127
3 0.08134920634920635 0.38095238095238093 0.1111111111111111 0.11243386243386243
8 0.251984126984127 0.23544973544973544 0.023809523809523808 0.031746031746031744
8 0.1488095238095238 0.2751322751322751 0.022817460317460316 0.03042328042328042
8 0.16666666666666666 0.17724867724867724 0.0248015873015873 0.022486772486772486
7 0.1984126984126984 0.24867724867724866 0.027777777777777776 0.03306878306878307
7 0.1974206349206349 0.2923280423280423 0.025793650793650792 0.0291005291005291
7 0.21626984126984128 0.29894179894179895 0.016865079365079364 0.027777777777777776
7 0.22420634920634921 0.23412698412698413 0.023809523809523808 0.03968253968253968
6 0.19444444444444445 0.20238095238095238 0.044642857142857144 0.05555555555555555
6 0.15575396825396826 0.21957671957671956 0.025793650793650792 0.04365079365079365