1 0.3531746031746032 0.328042328042328 0.17162698412698413 0.1164021164021164
0 0.2123015873015873 0.36772486772486773 0.15575396825396826 0.167989417989418
3 0.40476190476190477 0.10846560846560846 0.09623015873015874 0.1335978835978836
8 0.2708333333333333 0.18915343915343916 0.023809523809523808 0.03439153439153439
8 0.2777777777777778 0.2447089947089947 0.023809523809523808 0.03439153439153439
8 0.24702380952380953 0.2962962962962963 0.025793650793650792 0.031746031746031744
8 0.21924603174603174 0.328042328042328 0.025793650793650792 0.03042328042328042
7 0.22718253968253968 0.2156084656084656 0.025793650793650792 0.0291005291005291
7 0.251984126984127 0.21957671957671956 0.01984126984126984 0.03835978835978836
7 0.19246031746031747 0.2222222222222222 0.027777777777777776 0.03306878306878307
7 0.18253968253968253 0.30687830687830686 0.018849206349206348 0.0291005291005291
7 0.2916666666666667 0.20899470899470898 0.01984126984126984 0.03306878306878307
7 0.2361111111111111 0.3637566137566138 0.016865079365079364 0.023809523809523808
6 0.2400793650793651 0.24074074074074073 0.0248015873015873 0.027777777777777776
6 0.17063492063492064 0.19973544973544974 0.028769841269841268 0.06613756613756613
6 0.2003968253968254 0.30687830687830686 0.012896825396825396 0.06481481481481481
6 0.20436507936507936 0.2447089947089947 0.01488095238095238 0.023809523809523808