2 0.4087301587301587 0.3201058201058201 0.03968253968253968 0.21031746031746032
0 0.1359126984126984 0.2830687830687831 0.20436507936507936 0.10449735449735449
1 0.373015873015873 0.30952380952380953 0.04265873015873016 0.25793650793650796
3 0.4007936507936508 0.09259259259259259 0.10615079365079365 0.14285714285714285
10 0.1984126984126984 0.22354497354497355 0.03968253968253968 0.03439153439153439
10 0.26884920634920634 0.2671957671957672 0.025793650793650792 0.041005291005291
10 0.2777777777777778 0.3544973544973545 0.04861111111111111 0.037037037037037035
10 0.2867063492063492 0.38095238095238093 0.041666666666666664 0.042328042328042326
10 0.2837301587301587 0.3531746031746032 0.03273809523809524 0.03439153439153439
9 0.1865079365079365 0.30687830687830686 0.040674603174603176 0.05423280423280423
9 0.25496031746031744 0.2222222222222222 0.05952380952380952 0.06746031746031746
9 0.31845238095238093 0.3373015873015873 0.023809523809523808 0.0873015873015873