2 0.36706349206349204 0.15608465608465608 0.14186507936507936 0.0582010582010582
0 0.13194444444444445 0.32407407407407407 0.16071428571428573 0.2037037037037037
1 0.39186507936507936 0.21825396825396826 0.1349206349206349 0.21428571428571427
3 0.1111111111111111 0.14153439153439154 0.10317460317460317 0.12962962962962962
10 0.32341269841269843 0.20238095238095238 0.031746031746031744 0.03439153439153439
10 0.21825396825396826 0.21428571428571427 0.030753968253968252 0.041005291005291
10 0.2638888888888889 0.25925925925925924 0.03571428571428571 0.04894179894179894
10 0.21825396825396826 0.3002645502645503 0.026785714285714284 0.05026455026455026
10 0.24603174603174602 0.32407407407407407 0.026785714285714284 0.0291005291005291
10 0.2261904761904762 0.2857142857142857 0.03670634920634921 0.022486772486772486
9 0.251984126984127 0.21693121693121692 0.04861111111111111 0.022486772486772486
9 0.2648809523809524 0.36772486772486773 0.02976190476190476 0.08333333333333333
9 0.27380952380952384 0.2923280423280423 0.05555555555555555 0.05555555555555555
9 0.19940476190476192 0.3187830687830688 0.017857142857142856 0.06084656084656084
9 0.22817460317460317 0.32275132275132273 0.04265873015873016 0.05555555555555555