2 0.2976190476190476 0.2275132275132275 0.1259920634920635 0.09656084656084656
0 0.13194444444444445 0.2896825396825397 0.1884920634920635 0.1402116402116402
1 0.3541666666666667 0.22883597883597884 0.10515873015873016 0.17724867724867724
3 0.37797619047619047 0.31746031746031744 0.09722222222222222 0.09391534391534391
10 0.2757936507936508 0.19047619047619047 0.027777777777777776 0.03439153439153439
10 0.2261904761904762 0.2605820105820106 0.028769841269841268 0.03439153439153439
10 0.23412698412698413 0.2671957671957672 0.026785714285714284 0.03306878306878307
10 0.2400793650793651 0.3386243386243386 0.022817460317460316 0.03306878306878307
10 0.20634920634920634 0.3306878306878307 0.022817460317460316 0.041005291005291
10 0.24305555555555555 0.30687830687830686 0.021825396825396824 0.031746031746031744
10 0.2222222222222222 0.31746031746031744 0.020833333333333332 0.047619047619047616
10 0.23511904761904762 0.30687830687830686 0.037698412698412696 0.031746031746031744
9 0.1865079365079365 0.33201058201058203 0.04265873015873016 0.0873015873015873
9 0.25496031746031744 0.2724867724867725 0.025793650793650792 0.06746031746031746
9 0.22023809523809523 0.34523809523809523 0.05257936507936508 0.05555555555555555
9 0.24801587301587302 0.3492063492063492 0.03571428571428571 0.07539682539682539