2 0.2837301587301587 0.24735449735449735 0.13988095238095238 0.09259259259259259
0 0.1111111111111111 0.30952380952380953 0.1984126984126984 0.1335978835978836
1 0.35615079365079366 0.2566137566137566 0.12896825396825398 0.1746031746031746
3 0.37103174603174605 0.328042328042328 0.09523809523809523 0.12698412698412698
10 0.26091269841269843 0.21428571428571427 0.025793650793650792 0.03306878306878307
10 0.21428571428571427 0.28835978835978837 0.031746031746031744 0.042328042328042326
10 0.22023809523809523 0.3637566137566138 0.026785714285714284 0.03439153439153439
10 0.1875 0.3505291005291005 0.02976190476190476 0.03968253968253968
10 0.21428571428571427 0.32936507936507936 0.040674603174603176 0.03439153439153439
10 0.19246031746031747 0.3412698412698413 0.03571428571428571 0.03042328042328042
9 0.16468253968253968 0.35714285714285715 0.04365079365079365 0.08862433862433862
9 0.2400793650793651 0.294973544973545 0.030753968253968252 0.07142857142857142
9 0.23015873015873015 0.37037037037037035 0.040674603174603176 0.08333333333333333
9 0.20436507936507936 0.36772486772486773 0.044642857142857144 0.05291005291005291