2 0.3611111111111111 0.16666666666666666 0.13988095238095238 0.05952380952380952
0 0.13095238095238096 0.3306878306878307 0.15873015873015872 0.20634920634920634
1 0.38492063492063494 0.21957671957671956 0.13095238095238096 0.20502645502645503
3 0.11011904761904762 0.14947089947089948 0.10119047619047619 0.12962962962962962
10 0.3194444444444444 0.20634920634920634 0.030753968253968252 0.03571428571428571
10 0.21626984126984128 0.21957671957671956 0.031746031746031744 0.037037037037037035
10 0.25992063492063494 0.26455026455026454 0.034722222222222224 0.05291005291005291
10 0.24603174603174602 0.328042328042328 0.03273809523809524 0.03306878306878307
10 0.22420634920634921 0.3002645502645503 0.034722222222222224 0.047619047619047616
9 0.2490079365079365 0.2208994708994709 0.05357142857142857 0.031746031746031744
9 0.1984126984126984 0.32275132275132273 0.016865079365079364 0.06878306878306878
9 0.2767857142857143 0.291005291005291 0.04563492063492063 0.05423280423280423
9 0.23115079365079366 0.32407407407407407 0.041666666666666664 0.06084656084656084
9 0.2638888888888889 0.3716931216931217 0.027777777777777776 0.09259259259259259