2 0.30753968253968256 0.2830687830687831 0.11210317460317461 0.15873015873015872
0 0.15178571428571427 0.32671957671957674 0.1130952380952381 0.21428571428571427
1 0.37202380952380953 0.25793650793650796 0.12103174603174603 0.1984126984126984
3 0.4117063492063492 0.15608465608465608 0.10515873015873016 0.10978835978835978
10 0.27976190476190477 0.21296296296296297 0.027777777777777776 0.03439153439153439
10 0.20734126984126985 0.22486772486772486 0.021825396825396824 0.037037037037037035
10 0.20833333333333334 0.36904761904761907 0.026785714285714284 0.042328042328042326
10 0.23214285714285715 0.28174603174603174 0.03968253968253968 0.03439153439153439
10 0.23214285714285715 0.3029100529100529 0.031746031746031744 0.03968253968253968
9 0.19246031746031747 0.21164021164021163 0.026785714285714284 0.026455026455026454
9 0.1865079365079365 0.3611111111111111 0.034722222222222224 0.05555555555555555
9 0.23313492063492064 0.2526455026455027 0.07341269841269842 0.047619047619047616
9 0.20833333333333334 0.33994708994708994 0.04365079365079365 0.04497354497354497
9 0.2509920634920635 0.30687830687830686 0.041666666666666664 0.07539682539682539