2 0.2976190476190476 0.21957671957671956 0.15476190476190477 0.08862433862433862
0 0.13988095238095238 0.2791005291005291 0.21031746031746032 0.0873015873015873
1 0.2996031746031746 0.36243386243386244 0.027777777777777776 0.2724867724867725
3 0.40476190476190477 0.09126984126984126 0.0992063492063492 0.1455026455026455
10 0.20238095238095238 0.22486772486772486 0.037698412698412696 0.03571428571428571
10 0.28174603174603174 0.2777777777777778 0.01984126984126984 0.03835978835978836
10 0.22420634920634921 0.2804232804232804 0.023809523809523808 0.031746031746031744
10 0.23412698412698413 0.30423280423280424 0.03273809523809524 0.042328042328042326
9 0.19047619047619047 0.3055555555555556 0.040674603174603176 0.05555555555555555
9 0.2767857142857143 0.3201058201058201 0.031746031746031744 0.051587301587301584
9 0.24404761904761904 0.24867724867724866 0.060515873015873016 0.062169312169312166
9 0.2619047619047619 0.2857142857142857 0.034722222222222224 0.03042328042328042