2 0.30257936507936506 0.25396825396825395 0.14087301587301587 0.10185185185185185
0 0.13095238095238096 0.3134920634920635 0.17857142857142858 0.1349206349206349
1 0.375 0.25396825396825395 0.12103174603174603 0.20767195767195767
3 0.38492063492063494 0.36772486772486773 0.10416666666666667 0.12169312169312169
10 0.27976190476190477 0.20899470899470898 0.026785714285714284 0.03306878306878307
10 0.2251984126984127 0.2843915343915344 0.025793650793650792 0.03439153439153439
10 0.23313492063492064 0.294973544973545 0.027777777777777776 0.031746031746031744
10 0.19940476190476192 0.35714285714285715 0.025793650793650792 0.037037037037037035
10 0.23412698412698413 0.36904761904761907 0.023809523809523808 0.03439153439153439
10 0.2152777777777778 0.3505291005291005 0.02976190476190476 0.03439153439153439
10 0.22916666666666666 0.3386243386243386 0.03373015873015873 0.041005291005291
9 0.25396825396825395 0.3002645502645503 0.031746031746031744 0.07671957671957672
9 0.18253968253968253 0.3611111111111111 0.04365079365079365 0.09788359788359788
9 0.22023809523809523 0.37566137566137564 0.044642857142857144 0.05423280423280423
9 0.24404761904761904 0.37566137566137564 0.034722222222222224 0.07275132275132275