2 0.28174603174603174 0.24867724867724866 0.10218253968253968 0.14285714285714285
0 0.1488095238095238 0.2896825396825397 0.09523809523809523 0.1931216931216931
1 0.35615079365079366 0.22486772486772486 0.12698412698412698 0.1917989417989418
3 0.36507936507936506 0.1111111111111111 0.0873015873015873 0.1283068783068783
10 0.25793650793650796 0.18386243386243387 0.023809523809523808 0.0291005291005291
10 0.19642857142857142 0.3306878306878307 0.020833333333333332 0.041005291005291
10 0.19345238095238096 0.1984126984126984 0.013888888888888888 0.027777777777777776
10 0.2123015873015873 0.25132275132275134 0.022817460317460316 0.031746031746031744
10 0.21329365079365079 0.2724867724867725 0.017857142857142856 0.037037037037037035
10 0.2222222222222222 0.25132275132275134 0.020833333333333332 0.031746031746031744
9 0.19246031746031747 0.2275132275132275 0.01984126984126984 0.051587301587301584
9 0.22420634920634921 0.22486772486772486 0.05257936507936508 0.027777777777777776
9 0.1765873015873016 0.32407407407407407 0.026785714285714284 0.05291005291005291
9 0.2361111111111111 0.2698412698412698 0.026785714285714284 0.06878306878306878
9 0.20634920634920634 0.3002645502645503 0.04365079365079365 0.03439153439153439