2 0.32341269841269843 0.2275132275132275 0.12698412698412698 0.08597883597883597
0 0.1884920634920635 0.2791005291005291 0.12797619047619047 0.10846560846560846
1 0.40476190476190477 0.2275132275132275 0.13095238095238096 0.19576719576719576
3 0.376984126984127 0.3187830687830688 0.0882936507936508 0.10846560846560846
3 0.06944444444444445 0.056878306878306875 0.08035714285714286 0.09259259259259259
3 0.037698412698412696 0.3584656084656085 0.07142857142857142 0.082010582010582
10 0.30456349206349204 0.18915343915343916 0.021825396825396824 0.03439153439153439
10 0.26587301587301587 0.33201058201058203 0.022817460317460316 0.0291005291005291
10 0.25892857142857145 0.2619047619047619 0.02976190476190476 0.03835978835978836
10 0.2400793650793651 0.3201058201058201 0.016865079365079364 0.03306878306878307
10 0.25793650793650796 0.30687830687830686 0.03273809523809524 0.03042328042328042
9 0.27976190476190477 0.26455026455026454 0.028769841269841268 0.05952380952380952
9 0.22718253968253968 0.3201058201058201 0.037698412698412696 0.0701058201058201
9 0.2718253968253968 0.3373015873015873 0.031746031746031744 0.07142857142857142
9 0.24801587301587302 0.33465608465608465 0.044642857142857144 0.04497354497354497