2 0.3244047619047619 0.16137566137566137 0.16468253968253968 0.05026455026455026
0 0.1259920634920635 0.30687830687830686 0.12103174603174603 0.164021164021164
1 0.3551587301587302 0.21693121693121692 0.13095238095238096 0.2156084656084656
3 0.10515873015873016 0.16137566137566137 0.10813492063492064 0.10582010582010581
10 0.2837301587301587 0.20238095238095238 0.0248015873015873 0.03439153439153439
10 0.19146825396825398 0.2156084656084656 0.02976190476190476 0.03439153439153439
10 0.22718253968253968 0.25793650793650796 0.02976190476190476 0.05026455026455026
10 0.19246031746031747 0.2923280423280423 0.027777777777777776 0.03439153439153439
10 0.21031746031746032 0.31746031746031744 0.030753968253968252 0.03439153439153439
9 0.21626984126984128 0.21693121693121692 0.04365079365079365 0.023809523809523808
9 0.23809523809523808 0.2857142857142857 0.047619047619047616 0.04894179894179894
9 0.1736111111111111 0.30687830687830686 0.017857142857142856 0.05423280423280423
9 0.22420634920634921 0.35714285714285715 0.028769841269841268 0.08333333333333333
9 0.1884920634920635 0.3148148148148148 0.01984126984126984 0.03835978835978836