2 0.32936507936507936 0.26455026455026454 0.14583333333333334 0.12698412698412698
0 0.1388888888888889 0.29894179894179895 0.21031746031746032 0.12169312169312169
1 0.373015873015873 0.2275132275132275 0.13095238095238096 0.20767195767195767
3 0.09523809523809523 0.16005291005291006 0.10813492063492064 0.12433862433862433
10 0.30654761904761907 0.21428571428571427 0.027777777777777776 0.03835978835978836
10 0.24503968253968253 0.291005291005291 0.037698412698412696 0.051587301587301584
10 0.21031746031746032 0.35714285714285715 0.023809523809523808 0.04365079365079365
10 0.24801587301587302 0.376984126984127 0.031746031746031744 0.03439153439153439
10 0.22817460317460317 0.34656084656084657 0.03571428571428571 0.03571428571428571
10 0.24503968253968253 0.3412698412698413 0.03373015873015873 0.037037037037037035
9 0.27380952380952384 0.3055555555555556 0.03571428571428571 0.082010582010582
9 0.25496031746031744 0.38756613756613756 0.04563492063492063 0.082010582010582
9 0.19345238095238096 0.35978835978835977 0.0496031746031746 0.09523809523809523
9 0.23115079365079366 0.3783068783068783 0.0496031746031746 0.042328042328042326