2 0.4226190476190476 0.3201058201058201 0.04365079365079365 0.21164021164021163
0 0.11706349206349206 0.2896825396825397 0.03670634920634921 0.24603174603174602
1 0.3878968253968254 0.30952380952380953 0.041666666666666664 0.2526455026455027
3 0.4107142857142857 0.09788359788359788 0.10119047619047619 0.13624338624338625
10 0.28174603174603174 0.25925925925925924 0.0248015873015873 0.02513227513227513
10 0.22023809523809523 0.25396825396825395 0.027777777777777776 0.06349206349206349
10 0.251984126984127 0.2671957671957672 0.018849206349206348 0.03835978835978836
10 0.2400793650793651 0.25 0.044642857142857144 0.03968253968253968
9 0.20634920634920634 0.30687830687830686 0.03670634920634921 0.05291005291005291
9 0.2698412698412698 0.2222222222222222 0.05952380952380952 0.05952380952380952
9 0.26785714285714285 0.29365079365079366 0.07043650793650794 0.062169312169312166