2 0.28869047619047616 0.23544973544973544 0.13690476190476192 0.09523809523809523
0 0.12400793650793651 0.3002645502645503 0.1765873015873016 0.1349206349206349
1 0.3611111111111111 0.2328042328042328 0.11904761904761904 0.19047619047619047
3 0.373015873015873 0.3333333333333333 0.09126984126984126 0.11507936507936507
10 0.26587301587301587 0.19576719576719576 0.026785714285714284 0.03306878306878307
10 0.21726190476190477 0.2724867724867725 0.025793650793650792 0.03835978835978836
10 0.2222222222222222 0.2777777777777778 0.023809523809523808 0.031746031746031744
10 0.19146825396825398 0.33994708994708994 0.021825396825396824 0.03968253968253968
10 0.2251984126984127 0.3505291005291005 0.025793650793650792 0.0291005291005291
10 0.20535714285714285 0.32671957671957674 0.025793650793650792 0.03439153439153439
10 0.22023809523809523 0.3201058201058201 0.034722222222222224 0.027777777777777776
9 0.24404761904761904 0.28835978835978837 0.027777777777777776 0.07936507936507936
9 0.17261904761904762 0.3425925925925926 0.03968253968253968 0.09259259259259259
9 0.2361111111111111 0.3531746031746032 0.03571428571428571 0.06613756613756613