2 0.29563492063492064 0.2447089947089947 0.13095238095238096 0.09259259259259259
0 0.14087301587301587 0.30687830687830686 0.16666666666666666 0.13095238095238096
1 0.3601190476190476 0.23809523809523808 0.1130952380952381 0.18386243386243387
3 0.37103174603174605 0.3439153439153439 0.08630952380952381 0.10052910052910052
10 0.27380952380952384 0.20634920634920634 0.027777777777777776 0.03042328042328042
10 0.2261904761904762 0.2777777777777778 0.01984126984126984 0.03306878306878307
10 0.23015873015873015 0.2830687830687831 0.031746031746031744 0.03042328042328042
10 0.2390873015873016 0.3544973544973545 0.025793650793650792 0.026455026455026454
10 0.20436507936507936 0.3439153439153439 0.022817460317460316 0.031746031746031744
10 0.23511904761904762 0.32407407407407407 0.025793650793650792 0.031746031746031744
10 0.21825396825396826 0.33201058201058203 0.030753968253968252 0.03968253968253968
9 0.25396825396825395 0.29365079365079366 0.031746031746031744 0.06746031746031746
9 0.18452380952380953 0.3439153439153439 0.030753968253968252 0.07407407407407407
9 0.24801587301587302 0.35714285714285715 0.031746031746031744 0.062169312169312166