2 0.40674603174603174 0.3134920634920635 0.03670634920634921 0.20899470899470898
0 0.1349206349206349 0.2777777777777778 0.20238095238095238 0.10449735449735449
1 0.373015873015873 0.30687830687830686 0.04662698412698413 0.2552910052910053
3 0.39880952380952384 0.08465608465608465 0.10416666666666667 0.13756613756613756
10 0.1984126984126984 0.2222222222222222 0.031746031746031744 0.03042328042328042
10 0.26686507936507936 0.35185185185185186 0.02976190476190476 0.03439153439153439
10 0.27976190476190477 0.35185185185185186 0.027777777777777776 0.041005291005291
10 0.28273809523809523 0.37566137566137564 0.02976190476190476 0.031746031746031744
10 0.2767857142857143 0.36507936507936506 0.0496031746031746 0.0701058201058201
10 0.26686507936507936 0.26455026455026454 0.03373015873015873 0.03571428571428571
9 0.18452380952380953 0.30423280423280424 0.040674603174603176 0.056878306878306875
9 0.3125 0.3425925925925926 0.02976190476190476 0.10317460317460317
9 0.25396825396825395 0.21825396825396826 0.05853174603174603 0.06613756613756613