3 0.37003968253968256 0.10714285714285714 0.08333333333333333 0.12433862433862433
13 0.24702380952380953 0.26455026455026454 0.08134920634920635 0.07539682539682539
13 0.2222222222222222 0.3412698412698413 0.010912698412698412 0.011904761904761904
13 0.2837301587301587 0.376984126984127 0.09126984126984126 0.10317460317460317
15 0.15376984126984128 0.2208994708994709 0.061507936507936505 0.018518518518518517
15 0.1488095238095238 0.18386243386243387 0.054563492063492064 0.04497354497354497
0 0.42658730158730157 0.24735449735449735 0.03869047619047619 0.23015873015873015
1 0.34523809523809523 0.3373015873015873 0.18253968253968253 0.09788359788359788
2 0.25496031746031744 0.31084656084656087 0.10912698412698413 0.15079365079365079
16 0.13095238095238096 0.20105820105820105 0.027777777777777776 0.03306878306878307
16 0.1527777777777778 0.15476190476190477 0.020833333333333332 0.023809523809523808
16 0.1746031746031746 0.20634920634920634 0.01984126984126984 0.022486772486772486
14 0.31547619047619047 0.24735449735449735 0.01984126984126984 0.03968253968253968
14 0.24801587301587302 0.2222222222222222 0.04365079365079365 0.046296296296296294
14 0.24305555555555555 0.2777777777777778 0.04563492063492063 0.031746031746031744
14 0.2390873015873016 0.3082010582010582 0.017857142857142856 0.0291005291005291
14 0.22718253968253968 0.3201058201058201 0.00992063492063492 0.015873015873015872
14 0.3134920634920635 0.33201058201058203 0.07936507936507936 0.05026455026455026