3 0.39880952380952384 0.38492063492063494 0.10317460317460317 0.13227513227513227
13 0.21428571428571427 0.36507936507936506 0.011904761904761904 0.046296296296296294
13 0.24702380952380953 0.335978835978836 0.041666666666666664 0.13227513227513227
13 0.15873015873015872 0.291005291005291 0.03571428571428571 0.09656084656084656
13 0.19146825396825398 0.3148148148148148 0.011904761904761904 0.021164021164021163
15 0.25 0.2447089947089947 0.054563492063492064 0.018518518518518517
15 0.375 0.14814814814814814 0.03273809523809524 0.08465608465608465
0 0.19345238095238096 0.31216931216931215 0.04563492063492063 0.2328042328042328
1 0.21726190476190477 0.2328042328042328 0.037698412698412696 0.18386243386243387
2 0.1736111111111111 0.28835978835978837 0.03373015873015873 0.18386243386243387
16 0.34523809523809523 0.15343915343915343 0.027777777777777776 0.037037037037037035
16 0.39880952380952384 0.1349206349206349 0.020833333333333332 0.03306878306878307
16 0.26785714285714285 0.23015873015873015 0.01984126984126984 0.01984126984126984
14 0.2619047619047619 0.38756613756613756 0.018849206349206348 0.04497354497354497
14 0.2698412698412698 0.32407407407407407 0.04265873015873016 0.05555555555555555
14 0.25 0.2724867724867725 0.0248015873015873 0.03306878306878307
14 0.21924603174603174 0.3134920634920635 0.013888888888888888 0.013227513227513227
14 0.22420634920634921 0.3333333333333333 0.022817460317460316 0.03306878306878307
14 0.1765873015873016 0.3544973544973545 0.011904761904761904 0.015873015873015872
14 0.18452380952380953 0.335978835978836 0.022817460317460316 0.017195767195767195
14 0.1746031746031746 0.3082010582010582 0.03670634920634921 0.03439153439153439
14 0.1488095238095238 0.28835978835978837 0.015873015873015872 0.021164021164021163
14 0.15376984126984128 0.25 0.017857142857142856 0.023809523809523808
14 0.20734126984126985 0.23412698412698413 0.013888888888888888 0.023809523809523808