3 0.11904761904761904 0.3412698412698413 0.09623015873015874 0.12566137566137567
13 0.27976190476190477 0.35714285714285715 0.03869047619047619 0.10185185185185185
13 0.3005952380952381 0.2976190476190476 0.025793650793650792 0.05555555555555555
13 0.2222222222222222 0.30952380952380953 0.0248015873015873 0.021164021164021163
13 0.24305555555555555 0.24867724867724866 0.07341269841269842 0.08994708994708994
15 0.14484126984126985 0.1984126984126984 0.06746031746031746 0.021164021164021163
15 0.13690476190476192 0.15476190476190477 0.0625 0.05026455026455026
0 0.24503968253968253 0.3425925925925926 0.14087301587301587 0.2037037037037037
1 0.36408730158730157 0.30687830687830686 0.11706349206349206 0.20634920634920634
2 0.25496031746031744 0.28835978835978837 0.10912698412698413 0.15873015873015872
16 0.14087301587301587 0.12169312169312169 0.022817460317460316 0.026455026455026454
16 0.16666666666666666 0.18121693121693122 0.01984126984126984 0.021164021164021163
16 0.11904761904761904 0.17328042328042328 0.030753968253968252 0.03439153439153439
14 0.31547619047619047 0.21693121693121692 0.030753968253968252 0.022486772486772486
14 0.3323412698412698 0.3201058201058201 0.041666666666666664 0.05291005291005291
14 0.23809523809523808 0.29894179894179895 0.01984126984126984 0.03835978835978836
14 0.24206349206349206 0.26455026455026454 0.047619047619047616 0.03571428571428571
14 0.24404761904761904 0.2222222222222222 0.05257936507936508 0.02513227513227513
14 0.25297619047619047 0.2037037037037037 0.03373015873015873 0.03835978835978836