3 0.12103174603174603 0.3783068783068783 0.09126984126984126 0.1111111111111111
13 0.37003968253968256 0.2037037037037037 0.06944444444444445 0.047619047619047616
13 0.2876984126984127 0.22883597883597884 0.026785714285714284 0.06613756613756613
13 0.251984126984127 0.2619047619047619 0.01488095238095238 0.01984126984126984
13 0.2757936507936508 0.291005291005291 0.027777777777777776 0.03835978835978836
13 0.30753968253968256 0.20899470899470898 0.01488095238095238 0.02513227513227513
13 0.2986111111111111 0.3148148148148148 0.017857142857142856 0.037037037037037035
13 0.31746031746031744 0.30952380952380953 0.01984126984126984 0.015873015873015872
15 0.13194444444444445 0.1402116402116402 0.021825396825396824 0.07539682539682539
15 0.15873015873015872 0.15079365079365079 0.04365079365079365 0.06481481481481481
0 0.15079365079365079 0.3187830687830688 0.10714285714285714 0.2037037037037037
1 0.39087301587301587 0.2830687830687831 0.1775793650793651 0.11507936507936507
2 0.1984126984126984 0.09259259259259259 0.13392857142857142 0.046296296296296294
16 0.14087301587301587 0.1111111111111111 0.015873015873015872 0.01984126984126984
16 0.16567460317460317 0.11772486772486772 0.021825396825396824 0.023809523809523808
16 0.18452380952380953 0.13756613756613756 0.020833333333333332 0.037037037037037035
14 0.3680555555555556 0.32671957671957674 0.017857142857142856 0.013227513227513227
14 0.3472222222222222 0.2976190476190476 0.025793650793650792 0.03439153439153439
14 0.2777777777777778 0.33201058201058203 0.030753968253968252 0.042328042328042326
14 0.2777777777777778 0.2552910052910053 0.040674603174603176 0.03968253968253968
14 0.30158730158730157 0.2830687830687831 0.012896825396825396 0.027777777777777776
14 0.3373015873015873 0.23809523809523808 0.030753968253968252 0.026455026455026454
14 0.3244047619047619 0.1931216931216931 0.037698412698412696 0.051587301587301584