3 0.40674603174603174 0.10052910052910052 0.10416666666666667 0.14947089947089948
13 0.32936507936507936 0.24867724867724866 0.054563492063492064 0.09523809523809523
13 0.2648809523809524 0.2896825396825397 0.07738095238095238 0.09259259259259259
15 0.0992063492063492 0.1455026455026455 0.018849206349206348 0.07407407407407407
15 0.125 0.16005291005291006 0.040674603174603176 0.06613756613756613
0 0.11408730158730158 0.3412698412698413 0.10515873015873016 0.23015873015873015
1 0.2748015873015873 0.39021164021164023 0.16468253968253968 0.18253968253968253
2 0.17063492063492064 0.0992063492063492 0.1349206349206349 0.04497354497354497
16 0.1527777777777778 0.1455026455026455 0.01984126984126984 0.041005291005291
16 0.1130952380952381 0.11904761904761904 0.018849206349206348 0.022486772486772486
16 0.13690476190476192 0.12698412698412698 0.01984126984126984 0.03042328042328042
14 0.2767857142857143 0.2275132275132275 0.03968253968253968 0.047619047619047616
14 0.2261904761904762 0.29894179894179895 0.022817460317460316 0.015873015873015872
14 0.24801587301587302 0.32407407407407407 0.040674603174603176 0.0291005291005291
14 0.31746031746031744 0.2698412698412698 0.04365079365079365 0.026455026455026454
14 0.32341269841269843 0.36243386243386244 0.015873015873015872 0.017195767195767195
14 0.30158730158730157 0.31746031746031744 0.05952380952380952 0.05291005291005291
14 0.24801587301587302 0.2804232804232804 0.01488095238095238 0.03042328042328042