3 0.38293650793650796 0.07671957671957672 0.09126984126984126 0.13756613756613756
13 0.2619047619047619 0.23015873015873015 0.06448412698412699 0.037037037037037035
13 0.22916666666666666 0.2791005291005291 0.027777777777777776 0.04497354497354497
13 0.3253968253968254 0.28835978835978837 0.040674603174603176 0.042328042328042326
13 0.27976190476190477 0.35714285714285715 0.11210317460317461 0.10714285714285714
15 0.1626984126984127 0.1984126984126984 0.060515873015873016 0.027777777777777776
15 0.18253968253968253 0.1746031746031746 0.054563492063492064 0.03571428571428571
0 0.439484126984127 0.22486772486772486 0.041666666666666664 0.23677248677248677
1 0.3551587301587302 0.32407407407407407 0.19047619047619047 0.082010582010582
2 0.14583333333333334 0.3492063492063492 0.10912698412698413 0.1574074074074074
16 0.2003968253968254 0.18915343915343916 0.01488095238095238 0.021164021164021163
16 0.19246031746031747 0.13756613756613756 0.023809523809523808 0.03571428571428571
16 0.16666666666666666 0.1283068783068783 0.016865079365079364 0.0291005291005291
14 0.3253968253968254 0.22883597883597884 0.031746031746031744 0.04497354497354497
14 0.3492063492063492 0.31746031746031744 0.03670634920634921 0.05026455026455026
14 0.2400793650793651 0.36243386243386244 0.010912698412698412 0.017195767195767195
14 0.25892857142857145 0.2328042328042328 0.041666666666666664 0.09656084656084656