3 0.3740079365079365 0.0873015873015873 0.08134920634920635 0.12698412698412698
13 0.2222222222222222 0.291005291005291 0.03869047619047619 0.021164021164021163
13 0.22718253968253968 0.2671957671957672 0.03373015873015873 0.021164021164021163
13 0.24702380952380953 0.22354497354497355 0.037698412698412696 0.018518518518518517
13 0.2708333333333333 0.2328042328042328 0.02976190476190476 0.03835978835978836
13 0.2361111111111111 0.3425925925925926 0.05952380952380952 0.07936507936507936
13 0.29563492063492064 0.35185185185185186 0.06349206349206349 0.11507936507936507
15 0.16666666666666666 0.1931216931216931 0.060515873015873016 0.026455026455026454
15 0.18055555555555555 0.16666666666666666 0.054563492063492064 0.041005291005291
0 0.4305555555555556 0.22883597883597884 0.04365079365079365 0.23544973544973544
1 0.34523809523809523 0.32275132275132273 0.18948412698412698 0.07936507936507936
2 0.1875 0.10846560846560846 0.125 0.11772486772486772
16 0.19642857142857142 0.18121693121693122 0.016865079365079364 0.023809523809523808
16 0.18452380952380953 0.13227513227513227 0.030753968253968252 0.026455026455026454
16 0.1527777777777778 0.15079365079365079 0.022817460317460316 0.02513227513227513
14 0.31547619047619047 0.23809523809523808 0.0248015873015873 0.021164021164021163
14 0.3125 0.21825396825396826 0.021825396825396824 0.021164021164021163
14 0.25496031746031744 0.2037037037037037 0.02976190476190476 0.03306878306878307
14 0.25 0.24735449735449735 0.03968253968253968 0.06084656084656084
14 0.23115079365079366 0.3148148148148148 0.021825396825396824 0.017195767195767195
14 0.23115079365079366 0.3611111111111111 0.00992063492063492 0.0291005291005291
14 0.2787698412698413 0.2857142857142857 0.013888888888888888 0.011904761904761904
14 0.2777777777777778 0.32407407407407407 0.015873015873015872 0.018518518518518517
14 0.30357142857142855 0.3306878306878307 0.020833333333333332 0.018518518518518517
14 0.33630952380952384 0.31216931216931215 0.031746031746031744 0.05555555555555555