3 0.4365079365079365 0.3664021164021164 0.10912698412698413 0.11375661375661375
13 0.26785714285714285 0.30952380952380953 0.04365079365079365 0.14417989417989419
13 0.22420634920634921 0.33994708994708994 0.01984126984126984 0.06084656084656084
13 0.1746031746031746 0.2566137566137566 0.07043650793650794 0.13756613756613756
15 0.2757936507936508 0.21693121693121692 0.0625 0.02513227513227513
15 0.4007936507936508 0.1455026455026455 0.027777777777777776 0.07804232804232804
0 0.21031746031746032 0.27645502645502645 0.04265873015873016 0.25132275132275134
1 0.2400793650793651 0.2222222222222222 0.03670634920634921 0.2552910052910053
2 0.18353174603174602 0.25132275132275134 0.03571428571428571 0.20634920634920634
16 0.29365079365079366 0.20634920634920634 0.018849206349206348 0.01984126984126984
16 0.373015873015873 0.1455026455026455 0.028769841269841268 0.037037037037037035
16 0.4236111111111111 0.14153439153439154 0.017857142857142856 0.0291005291005291
14 0.2222222222222222 0.19444444444444445 0.011904761904761904 0.023809523809523808
14 0.26884920634920634 0.24603174603174602 0.025793650793650792 0.03571428571428571
14 0.16666666666666666 0.21428571428571427 0.037698412698412696 0.046296296296296294
14 0.15376984126984128 0.25132275132275134 0.021825396825396824 0.02513227513227513
14 0.18452380952380953 0.32275132275132273 0.01984126984126984 0.01455026455026455
14 0.19146825396825398 0.3055555555555556 0.025793650793650792 0.023809523809523808
14 0.18055555555555555 0.2751322751322751 0.050595238095238096 0.037037037037037035
14 0.2361111111111111 0.2843915343915344 0.016865079365079364 0.018518518518518517
14 0.2400793650793651 0.30423280423280424 0.023809523809523808 0.03571428571428571
14 0.2996031746031746 0.30158730158730157 0.03869047619047619 0.06349206349206349