3 0.0763888888888889 0.41005291005291006 0.10119047619047619 0.10052910052910052
13 0.3125 0.2447089947089947 0.07936507936507936 0.05026455026455026
13 0.23809523809523808 0.2724867724867725 0.023809523809523808 0.07275132275132275
13 0.2251984126984127 0.3306878306878307 0.0496031746031746 0.08333333333333333
13 0.2648809523809524 0.3425925925925926 0.021825396825396824 0.018518518518518517
15 0.0992063492063492 0.1931216931216931 0.01984126984126984 0.06613756613756613
15 0.12103174603174603 0.20105820105820105 0.03571428571428571 0.056878306878306875
0 0.1130952380952381 0.35978835978835977 0.09325396825396826 0.1931216931216931
1 0.3392857142857143 0.32275132275132273 0.1775793650793651 0.1111111111111111
2 0.15178571428571427 0.14947089947089948 0.10515873015873016 0.03968253968253968
16 0.10714285714285714 0.167989417989418 0.015873015873015872 0.018518518518518517
16 0.12698412698412698 0.17195767195767195 0.01984126984126984 0.022486772486772486
16 0.14285714285714285 0.18783068783068782 0.018849206349206348 0.03439153439153439
14 0.31547619047619047 0.36243386243386244 0.01488095238095238 0.015873015873015872
14 0.29563492063492064 0.3333333333333333 0.031746031746031744 0.03439153439153439
14 0.26785714285714285 0.3439153439153439 0.012896825396825396 0.017195767195767195
14 0.27380952380952384 0.2328042328042328 0.03670634920634921 0.04894179894179894
14 0.2847222222222222 0.2777777777777778 0.025793650793650792 0.021164021164021163
14 0.22817460317460317 0.29365079365079366 0.03869047619047619 0.042328042328042326
14 0.24801587301587302 0.3187830687830688 0.013888888888888888 0.023809523809523808
14 0.23214285714285715 0.36507936507936506 0.03968253968253968 0.047619047619047616