3 0.09424603174603174 0.11375661375661375 0.10119047619047619 0.12698412698412698
13 0.24404761904761904 0.4007936507936508 0.023809523809523808 0.018518518518518517
13 0.26884920634920634 0.37566137566137564 0.021825396825396824 0.056878306878306875
13 0.2996031746031746 0.30687830687830686 0.06448412698412699 0.15343915343915343
13 0.19345238095238096 0.3306878306878307 0.08134920634920635 0.13227513227513227
15 0.373015873015873 0.17063492063492064 0.03670634920634921 0.07671957671957672
15 0.3978174603174603 0.15343915343915343 0.03373015873015873 0.07936507936507936
0 0.23214285714285715 0.31746031746031744 0.11904761904761904 0.2328042328042328
1 0.24206349206349206 0.25132275132275134 0.1111111111111111 0.2275132275132275
2 0.19940476190476192 0.30952380952380953 0.08928571428571429 0.19047619047619047
16 0.375 0.14285714285714285 0.028769841269841268 0.03571428571428571
16 0.3898809523809524 0.1931216931216931 0.017857142857142856 0.02513227513227513
16 0.4226190476190476 0.1455026455026455 0.018849206349206348 0.03042328042328042
14 0.21825396825396826 0.23544973544973544 0.018849206349206348 0.021164021164021163
14 0.19543650793650794 0.32407407407407407 0.08928571428571429 0.09788359788359788
14 0.2222222222222222 0.38227513227513227 0.016865079365079364 0.018518518518518517
14 0.2569444444444444 0.30952380952380953 0.013888888888888888 0.027777777777777776
14 0.2718253968253968 0.3333333333333333 0.022817460317460316 0.04365079365079365
14 0.2757936507936508 0.25396825396825395 0.031746031746031744 0.022486772486772486
14 0.30753968253968256 0.24867724867724866 0.011904761904761904 0.021164021164021163
14 0.3253968253968254 0.2962962962962963 0.03670634920634921 0.03835978835978836
14 0.33035714285714285 0.36507936507936506 0.017857142857142856 0.042328042328042326