3 0.09722222222222222 0.1111111111111111 0.10119047619047619 0.1283068783068783
13 0.19246031746031747 0.32671957671957674 0.07142857142857142 0.12962962962962962
13 0.30853174603174605 0.3029100529100529 0.07341269841269842 0.15079365079365079
13 0.2698412698412698 0.36507936507936506 0.020833333333333332 0.04894179894179894
15 0.3740079365079365 0.16666666666666666 0.037698412698412696 0.07539682539682539
15 0.4007936507936508 0.1455026455026455 0.031746031746031744 0.07539682539682539
0 0.23511904761904762 0.31216931216931215 0.12103174603174603 0.22883597883597884
1 0.24603174603174602 0.24603174603174602 0.11408730158730158 0.2275132275132275
2 0.20337301587301587 0.30423280423280424 0.08928571428571429 0.19047619047619047
16 0.39285714285714285 0.18518518518518517 0.016865079365079364 0.03042328042328042
16 0.4226190476190476 0.13756613756613756 0.01984126984126984 0.03042328042328042
16 0.37896825396825395 0.13756613756613756 0.027777777777777776 0.03835978835978836
14 0.30952380952380953 0.24206349206349206 0.015873015873015872 0.023809523809523808
14 0.2777777777777778 0.24867724867724866 0.026785714285714284 0.03042328042328042
14 0.22023809523809523 0.23148148148148148 0.018849206349206348 0.021164021164021163
14 0.16865079365079366 0.30423280423280424 0.03273809523809524 0.07539682539682539
14 0.20535714285714285 0.3333333333333333 0.041666666666666664 0.0582010582010582
14 0.2261904761904762 0.3544973544973545 0.02976190476190476 0.017195767195767195
14 0.22321428571428573 0.376984126984127 0.013888888888888888 0.018518518518518517
14 0.32242063492063494 0.291005291005291 0.0496031746031746 0.047619047619047616
14 0.3323412698412698 0.35714285714285715 0.021825396825396824 0.046296296296296294
14 0.2619047619047619 0.3082010582010582 0.01984126984126984 0.023809523809523808
14 0.2757936507936508 0.3253968253968254 0.020833333333333332 0.041005291005291