3 0.376984126984127 0.07275132275132275 0.08630952380952381 0.12962962962962962
13 0.35912698412698413 0.2156084656084656 0.08333333333333333 0.05026455026455026
13 0.2748015873015873 0.23809523809523808 0.021825396825396824 0.07275132275132275
13 0.2648809523809524 0.30687830687830686 0.06944444444444445 0.08862433862433862
15 0.15178571428571427 0.37433862433862436 0.06547619047619048 0.023809523809523808
15 0.1626984126984127 0.335978835978836 0.05654761904761905 0.05952380952380952
0 0.44146825396825395 0.2222222222222222 0.06944444444444445 0.23677248677248677
1 0.38293650793650796 0.2962962962962963 0.19047619047619047 0.12301587301587301
2 0.12301587301587301 0.2671957671957672 0.05952380952380952 0.2037037037037037
16 0.12698412698412698 0.3544973544973545 0.020833333333333332 0.026455026455026454
16 0.13690476190476192 0.3201058201058201 0.023809523809523808 0.027777777777777776
16 0.15376984126984128 0.2976190476190476 0.03373015873015873 0.0291005291005291
14 0.35912698412698413 0.3412698412698413 0.016865079365079364 0.015873015873015872
14 0.30853174603174605 0.3201058201058201 0.013888888888888888 0.01984126984126984
14 0.3382936507936508 0.30952380952380953 0.02976190476190476 0.03571428571428571
14 0.25992063492063494 0.35185185185185186 0.030753968253968252 0.03835978835978836
14 0.2777777777777778 0.328042328042328 0.023809523809523808 0.021164021164021163
14 0.25297619047619047 0.31746031746031744 0.00992063492063492 0.01455026455026455
14 0.2638888888888889 0.26455026455026454 0.047619047619047616 0.04365079365079365
14 0.28174603174603174 0.29894179894179895 0.0248015873015873 0.03571428571428571
14 0.3253968253968254 0.25 0.031746031746031744 0.023809523809523808
14 0.3134920634920635 0.2037037037037037 0.03670634920634921 0.04894179894179894