3 0.40476190476190477 0.10317460317460317 0.09821428571428571 0.1335978835978836
13 0.30753968253968256 0.2328042328042328 0.016865079365079364 0.05952380952380952
13 0.2896825396825397 0.28703703703703703 0.12301587301587301 0.09788359788359788
15 0.09523809523809523 0.14285714285714285 0.018849206349206348 0.07407407407407407
15 0.12301587301587301 0.15608465608465608 0.03968253968253968 0.06746031746031746
0 0.1111111111111111 0.3412698412698413 0.10515873015873016 0.23148148148148148
1 0.2718253968253968 0.38756613756613756 0.1626984126984127 0.18253968253968253
2 0.16765873015873015 0.09523809523809523 0.13293650793650794 0.042328042328042326
16 0.1111111111111111 0.11375661375661375 0.01984126984126984 0.01984126984126984
16 0.13392857142857142 0.12433862433862433 0.021825396825396824 0.027777777777777776
16 0.15079365079365079 0.1455026455026455 0.020833333333333332 0.03835978835978836
14 0.32142857142857145 0.35978835978835977 0.020833333333333332 0.017195767195767195
14 0.2718253968253968 0.22883597883597884 0.03869047619047619 0.05026455026455026
14 0.310515873015873 0.2698412698412698 0.05357142857142857 0.026455026455026454
14 0.24603174603174602 0.32142857142857145 0.03670634920634921 0.0291005291005291
14 0.2222222222222222 0.29894179894179895 0.020833333333333332 0.022486772486772486
14 0.24404761904761904 0.2777777777777778 0.013888888888888888 0.031746031746031744
14 0.2777777777777778 0.3082010582010582 0.015873015873015872 0.03968253968253968
14 0.3055555555555556 0.31216931216931215 0.034722222222222224 0.03835978835978836