3 0.11408730158730158 0.3333333333333333 0.10119047619047619 0.11772486772486772
13 0.2916666666666667 0.3637566137566138 0.040674603174603176 0.0873015873015873
13 0.310515873015873 0.2804232804232804 0.02976190476190476 0.07804232804232804
13 0.2509920634920635 0.2275132275132275 0.057539682539682536 0.0582010582010582
13 0.24305555555555555 0.2777777777777778 0.057539682539682536 0.042328042328042326
15 0.15079365079365079 0.1970899470899471 0.06349206349206349 0.018518518518518517
15 0.14583333333333334 0.15476190476190477 0.057539682539682536 0.04497354497354497
0 0.251984126984127 0.33201058201058203 0.1488095238095238 0.20634920634920634
2 0.2619047619047619 0.2791005291005291 0.11607142857142858 0.16666666666666666
1 0.3888888888888889 0.3029100529100529 0.1388888888888889 0.22486772486772486
16 0.12698412698412698 0.1746031746031746 0.028769841269841268 0.037037037037037035
16 0.1488095238095238 0.12169312169312169 0.022817460317460316 0.02513227513227513
16 0.17261904761904762 0.17857142857142858 0.020833333333333332 0.023809523809523808
14 0.33134920634920634 0.2037037037037037 0.03869047619047619 0.022486772486772486
14 0.34424603174603174 0.3187830687830688 0.061507936507936505 0.047619047619047616
14 0.2638888888888889 0.19047619047619047 0.03670634920634921 0.03835978835978836
14 0.25297619047619047 0.21428571428571427 0.0496031746031746 0.021164021164021163
14 0.25 0.25793650793650796 0.05555555555555555 0.03439153439153439
14 0.24603174603174602 0.29365079365079366 0.01984126984126984 0.03835978835978836
14 0.23015873015873015 0.30423280423280424 0.018849206349206348 0.021164021164021163
14 0.2857142857142857 0.31746031746031744 0.016865079365079364 0.042328042328042326