3 0.3869047619047619 0.0873015873015873 0.09424603174603174 0.12698412698412698
13 0.36507936507936506 0.2275132275132275 0.07539682539682539 0.05423280423280423
13 0.28174603174603174 0.2566137566137566 0.018849206349206348 0.08068783068783068
13 0.2638888888888889 0.3187830687830688 0.0625 0.0873015873015873
15 0.17261904761904762 0.1865079365079365 0.05555555555555555 0.03968253968253968
15 0.19146825396825398 0.164021164021164 0.057539682539682536 0.03571428571428571
0 0.44642857142857145 0.23544973544973544 0.05952380952380952 0.2447089947089947
1 0.38591269841269843 0.3148148148148148 0.18452380952380953 0.12566137566137567
2 0.20932539682539683 0.1111111111111111 0.14087301587301587 0.09656084656084656
16 0.20238095238095238 0.13227513227513227 0.031746031746031744 0.027777777777777776
16 0.20436507936507936 0.18915343915343916 0.016865079365079364 0.023809523809523808
16 0.16071428571428573 0.14417989417989419 0.01984126984126984 0.0291005291005291
14 0.3621031746031746 0.35714285714285715 0.017857142857142856 0.017195767195767195
14 0.3412698412698413 0.3253968253968254 0.027777777777777776 0.03306878306878307
14 0.3125 0.335978835978836 0.013888888888888888 0.021164021164021163
14 0.33134920634920634 0.26455026455026454 0.031746031746031744 0.022486772486772486
14 0.31746031746031744 0.21825396825396826 0.03968253968253968 0.05555555555555555
14 0.2718253968253968 0.28835978835978837 0.050595238095238096 0.05423280423280423
14 0.26785714285714285 0.3637566137566138 0.027777777777777776 0.05555555555555555