3 0.39087301587301587 0.06878306878306878 0.08432539682539683 0.12169312169312169
13 0.36904761904761907 0.20502645502645503 0.06845238095238096 0.05555555555555555
13 0.3263888888888889 0.18121693121693122 0.00992063492063492 0.018518518518518517
13 0.2757936507936508 0.25925925925925924 0.05654761904761905 0.14285714285714285
13 0.31646825396825395 0.30423280423280424 0.017857142857142856 0.011904761904761904
15 0.17261904761904762 0.3439153439153439 0.05952380952380952 0.031746031746031744
15 0.17956349206349206 0.30952380952380953 0.05952380952380952 0.042328042328042326
0 0.44841269841269843 0.21164021164021163 0.05952380952380952 0.2275132275132275
1 0.39186507936507936 0.28174603174603174 0.1765873015873016 0.11904761904761904
2 0.1775793650793651 0.28174603174603174 0.06547619047619048 0.1931216931216931
16 0.20238095238095238 0.32142857142857145 0.017857142857142856 0.023809523809523808
16 0.15873015873015872 0.29365079365079366 0.018849206349206348 0.021164021164021163
16 0.1775793650793651 0.2777777777777778 0.031746031746031744 0.02513227513227513
14 0.36904761904761907 0.32407407407407407 0.015873015873015872 0.013227513227513227
14 0.3492063492063492 0.29365079365079366 0.026785714285714284 0.03306878306878307
14 0.32142857142857145 0.3029100529100529 0.011904761904761904 0.023809523809523808
14 0.27380952380952384 0.3201058201058201 0.03273809523809524 0.05423280423280423
14 0.2648809523809524 0.25132275132275134 0.013888888888888888 0.022486772486772486
14 0.2876984126984127 0.25 0.027777777777777776 0.03968253968253968
14 0.30158730158730157 0.2777777777777778 0.016865079365079364 0.026455026455026454
14 0.32837301587301587 0.1917989417989418 0.037698412698412696 0.047619047619047616
14 0.3392857142857143 0.23544973544973544 0.031746031746031744 0.026455026455026454