3 0.0992063492063492 0.1111111111111111 0.0992063492063492 0.12566137566137567
13 0.1974206349206349 0.32671957671957674 0.07738095238095238 0.12433862433862433
13 0.2698412698412698 0.36904761904761907 0.027777777777777776 0.06084656084656084
13 0.30357142857142855 0.30687830687830686 0.07242063492063493 0.14285714285714285
15 0.376984126984127 0.16666666666666666 0.03670634920634921 0.07275132275132275
15 0.4027777777777778 0.14814814814814814 0.031746031746031744 0.07936507936507936
0 0.23809523809523808 0.3134920634920635 0.12301587301587301 0.23015873015873015
1 0.24603174603174602 0.24603174603174602 0.1111111111111111 0.2275132275132275
2 0.20436507936507936 0.30423280423280424 0.09027777777777778 0.19047619047619047
16 0.3958333333333333 0.18783068783068782 0.017857142857142856 0.026455026455026454
16 0.42658730158730157 0.1402116402116402 0.018849206349206348 0.031746031746031744
16 0.38095238095238093 0.13756613756613756 0.030753968253968252 0.037037037037037035
14 0.3125 0.24206349206349206 0.017857142857142856 0.023809523809523808
14 0.22023809523809523 0.23015873015873015 0.016865079365079364 0.02513227513227513
14 0.28174603174603174 0.25132275132275134 0.027777777777777776 0.017195767195767195
14 0.2638888888888889 0.30687830687830686 0.016865079365079364 0.027777777777777776
14 0.27976190476190477 0.32275132275132273 0.022817460317460316 0.051587301587301584
14 0.3244047619047619 0.2923280423280423 0.0496031746031746 0.03968253968253968
14 0.3343253968253968 0.3584656084656085 0.017857142857142856 0.04497354497354497
14 0.22817460317460317 0.376984126984127 0.018849206349206348 0.018518518518518517
14 0.22817460317460317 0.3544973544973545 0.03373015873015873 0.01984126984126984
14 0.17261904761904762 0.30423280423280424 0.03968253968253968 0.07804232804232804
14 0.20734126984126985 0.3333333333333333 0.041666666666666664 0.05291005291005291