3 0.38293650793650796 0.07539682539682539 0.09126984126984126 0.1402116402116402
13 0.25297619047619047 0.21693121693121692 0.03968253968253968 0.017195767195767195
13 0.2777777777777778 0.22883597883597884 0.03571428571428571 0.04497354497354497
13 0.23511904761904762 0.26455026455026454 0.037698412698412696 0.018518518518518517
13 0.2261904761904762 0.28703703703703703 0.034722222222222224 0.023809523809523808
13 0.24503968253968253 0.3412698412698413 0.061507936507936505 0.0873015873015873
13 0.3055555555555556 0.3611111111111111 0.05952380952380952 0.09523809523809523
15 0.16468253968253968 0.1917989417989418 0.060515873015873016 0.026455026455026454
15 0.18452380952380953 0.17063492063492064 0.054563492063492064 0.03968253968253968
0 0.4384920634920635 0.2208994708994709 0.040674603174603176 0.24074074074074073
1 0.3541666666666667 0.3201058201058201 0.19246031746031747 0.08068783068783068
2 0.14484126984126985 0.3478835978835979 0.10615079365079365 0.16137566137566137
16 0.2003968253968254 0.18253968253968253 0.016865079365079364 0.022486772486772486
16 0.19246031746031747 0.1335978835978836 0.0248015873015873 0.03968253968253968
16 0.16666666666666666 0.12301587301587301 0.018849206349206348 0.0291005291005291
14 0.32242063492063494 0.21428571428571427 0.01984126984126984 0.021164021164021163
14 0.32341269841269843 0.2328042328042328 0.026785714285714284 0.021164021164021163
14 0.2619047619047619 0.1984126984126984 0.02976190476190476 0.03571428571428571
14 0.25892857142857145 0.24338624338624337 0.03968253968253968 0.06481481481481481
14 0.2400793650793651 0.3611111111111111 0.012896825396825396 0.023809523809523808
14 0.2400793650793651 0.31216931216931215 0.018849206349206348 0.018518518518518517
14 0.32142857142857145 0.31216931216931215 0.0873015873015873 0.047619047619047616
14 0.28869047619047616 0.2830687830687831 0.013888888888888888 0.01984126984126984