3 0.12103174603174603 0.11904761904761904 0.09523809523809523 0.1164021164021164
13 0.2748015873015873 0.3148148148148148 0.037698412698412696 0.13756613756613756
13 0.2361111111111111 0.3439153439153439 0.015873015873015872 0.05423280423280423
13 0.1884920634920635 0.2671957671957672 0.06646825396825397 0.12301587301587301
15 0.2837301587301587 0.22486772486772486 0.05952380952380952 0.02513227513227513
15 0.40674603174603174 0.15343915343915343 0.02976190476190476 0.07539682539682539
0 0.21924603174603174 0.2843915343915344 0.041666666666666664 0.24074074074074073
1 0.25 0.23015873015873015 0.03670634920634921 0.24338624338624337
2 0.19543650793650794 0.25925925925925924 0.03373015873015873 0.1970899470899471
16 0.30158730158730157 0.21428571428571427 0.021825396825396824 0.021164021164021163
16 0.37996031746031744 0.15343915343915343 0.02976190476190476 0.037037037037037035
16 0.42956349206349204 0.14814814814814814 0.017857142857142856 0.031746031746031744
14 0.23214285714285715 0.20502645502645503 0.012896825396825396 0.023809523809523808
14 0.2777777777777778 0.25396825396825395 0.027777777777777776 0.031746031746031744
14 0.30357142857142855 0.3055555555555556 0.04265873015873016 0.05555555555555555
14 0.24503968253968253 0.28835978835978837 0.017857142857142856 0.015873015873015872
14 0.25 0.31084656084656087 0.022817460317460316 0.0291005291005291
14 0.2906746031746032 0.36772486772486773 0.017857142857142856 0.041005291005291
14 0.19642857142857142 0.328042328042328 0.018849206349206348 0.01455026455026455
14 0.20238095238095238 0.31084656084656087 0.026785714285714284 0.023809523809523808
14 0.19246031746031747 0.2830687830687831 0.04861111111111111 0.03306878306878307
14 0.1736111111111111 0.23544973544973544 0.037698412698412696 0.06746031746031746