3 0.13392857142857142 0.376984126984127 0.09325396825396826 0.10846560846560846
13 0.37797619047619047 0.20105820105820105 0.07341269841269842 0.05423280423280423
13 0.30257936507936506 0.22486772486772486 0.023809523809523808 0.07671957671957672
13 0.2876984126984127 0.291005291005291 0.06349206349206349 0.09391534391534391
15 0.14285714285714285 0.1402116402116402 0.022817460317460316 0.07407407407407407
15 0.16865079365079366 0.15211640211640212 0.04365079365079365 0.06084656084656084
0 0.1626984126984127 0.31746031746031744 0.10813492063492064 0.20502645502645503
1 0.4007936507936508 0.2791005291005291 0.17857142857142858 0.11375661375661375
2 0.20833333333333334 0.09523809523809523 0.13095238095238096 0.047619047619047616
16 0.1527777777777778 0.11243386243386243 0.016865079365079364 0.018518518518518517
16 0.1746031746031746 0.1164021164021164 0.01984126984126984 0.021164021164021163
16 0.19444444444444445 0.1349206349206349 0.020833333333333332 0.037037037037037035
14 0.37896825396825395 0.32275132275132273 0.016865079365079364 0.01455026455026455
14 0.35912698412698413 0.2923280423280423 0.026785714285714284 0.03439153439153439
14 0.3323412698412698 0.30423280423280424 0.011904761904761904 0.018518518518518517
14 0.3472222222222222 0.23677248677248677 0.027777777777777776 0.018518518518518517
14 0.3353174603174603 0.1917989417989418 0.031746031746031744 0.05026455026455026
14 0.27380952380952384 0.2526455026455027 0.012896825396825396 0.018518518518518517
14 0.2876984126984127 0.33201058201058203 0.028769841269841268 0.03968253968253968
14 0.30257936507936506 0.31216931216931215 0.021825396825396824 0.01984126984126984
14 0.29563492063492064 0.25132275132275134 0.030753968253968252 0.042328042328042326
14 0.30853174603174605 0.2830687830687831 0.017857142857142856 0.03306878306878307
14 0.2787698412698413 0.30158730158730157 0.013888888888888888 0.010582010582010581