3 0.1488095238095238 0.3373015873015873 0.09226190476190477 0.09788359788359788
13 0.26587301587301587 0.2552910052910053 0.0744047619047619 0.09788359788359788
13 0.27380952380952384 0.3306878306878307 0.027777777777777776 0.042328042328042326
13 0.3125 0.3201058201058201 0.061507936507936505 0.14814814814814814
13 0.3125 0.3664021164021164 0.025793650793650792 0.05555555555555555
15 0.1765873015873016 0.21428571428571427 0.051587301587301584 0.01984126984126984
15 0.17261904761904762 0.17857142857142858 0.04861111111111111 0.03968253968253968
0 0.2638888888888889 0.32671957671957674 0.12301587301587301 0.18783068783068782
1 0.39285714285714285 0.30423280423280424 0.1359126984126984 0.2156084656084656
2 0.2718253968253968 0.2830687830687831 0.0992063492063492 0.15211640211640212
16 0.15773809523809523 0.1984126984126984 0.025793650793650792 0.031746031746031744
16 0.1736111111111111 0.15079365079365079 0.017857142857142856 0.01984126984126984
16 0.19345238095238096 0.1984126984126984 0.017857142857142856 0.018518518518518517
14 0.35615079365079366 0.3148148148148148 0.04563492063492063 0.047619047619047616
14 0.3353174603174603 0.21693121693121692 0.03571428571428571 0.04894179894179894
14 0.2628968253968254 0.20899470899470898 0.04563492063492063 0.046296296296296294
14 0.2619047619047619 0.26322751322751325 0.04861111111111111 0.0291005291005291
14 0.25992063492063494 0.29365079365079366 0.022817460317460316 0.03042328042328042
14 0.24801587301587302 0.3055555555555556 0.01984126984126984 0.018518518518518517