3 0.3898809523809524 0.062169312169312166 0.09722222222222222 0.11904761904761904
13 0.22817460317460317 0.2857142857142857 0.051587301587301584 0.05423280423280423
13 0.24801587301587302 0.22486772486772486 0.03968253968253968 0.022486772486772486
13 0.2847222222222222 0.23412698412698413 0.04563492063492063 0.09788359788359788
13 0.2906746031746032 0.291005291005291 0.04563492063492063 0.031746031746031744
13 0.25793650793650796 0.34656084656084657 0.03869047619047619 0.05423280423280423
13 0.2986111111111111 0.3716931216931217 0.04563492063492063 0.12962962962962962
15 0.1597222222222222 0.17724867724867724 0.06746031746031746 0.03042328042328042
15 0.1746031746031746 0.14682539682539683 0.060515873015873016 0.05026455026455026
0 0.4503968253968254 0.19973544973544974 0.044642857142857144 0.2566137566137566
1 0.373015873015873 0.2605820105820106 0.18551587301587302 0.1455026455026455
2 0.18055555555555555 0.082010582010582 0.1359126984126984 0.1388888888888889
16 0.19345238095238096 0.16534391534391535 0.017857142857142856 0.023809523809523808
16 0.17857142857142858 0.10846560846560846 0.03273809523809524 0.027777777777777776
16 0.14285714285714285 0.12962962962962962 0.023809523809523808 0.02513227513227513
14 0.2222222222222222 0.33201058201058203 0.010912698412698412 0.023809523809523808
14 0.251984126984127 0.3148148148148148 0.030753968253968252 0.07142857142857142
14 0.3263888888888889 0.335978835978836 0.07341269841269842 0.051587301587301584
14 0.32043650793650796 0.2566137566137566 0.037698412698412696 0.04365079365079365
14 0.27380952380952384 0.25793650793650796 0.031746031746031744 0.018518518518518517
14 0.25 0.24338624338624337 0.04365079365079365 0.11772486772486772