3 0.37202380952380953 0.062169312169312166 0.08928571428571429 0.11904761904761904
13 0.22123015873015872 0.24603174603174602 0.025793650793650792 0.01984126984126984
13 0.21626984126984128 0.27116402116402116 0.03273809523809524 0.018518518518518517
13 0.2371031746031746 0.32275132275132273 0.04563492063492063 0.07804232804232804
13 0.29563492063492064 0.34656084656084657 0.07043650793650794 0.09126984126984126
13 0.24305555555555555 0.20238095238095238 0.03373015873015873 0.013227513227513227
13 0.2698412698412698 0.21164021164021163 0.031746031746031744 0.03835978835978836
15 0.1597222222222222 0.1746031746031746 0.061507936507936505 0.03042328042328042
15 0.1736111111111111 0.14417989417989419 0.061507936507936505 0.04497354497354497
0 0.4305555555555556 0.20105820105820105 0.04265873015873016 0.24206349206349206
1 0.3462301587301587 0.30158730158730157 0.19246031746031747 0.07539682539682539
2 0.18055555555555555 0.08333333333333333 0.12698412698412698 0.12962962962962962
16 0.19047619047619047 0.16137566137566137 0.016865079365079364 0.021164021164021163
16 0.14186507936507936 0.12962962962962962 0.021825396825396824 0.027777777777777776
16 0.1746031746031746 0.10978835978835978 0.034722222222222224 0.0291005291005291
14 0.31547619047619047 0.20767195767195767 0.027777777777777776 0.04497354497354497
14 0.3333333333333333 0.29365079365079366 0.047619047619047616 0.047619047619047616
14 0.2490079365079365 0.21031746031746032 0.037698412698412696 0.09259259259259259
14 0.27976190476190477 0.3055555555555556 0.018849206349206348 0.018518518518518517