3 0.36706349206349204 0.13227513227513227 0.08432539682539683 0.12301587301587301
13 0.2926587301587302 0.2698412698412698 0.04563492063492063 0.08465608465608465
13 0.23412698412698413 0.30952380952380953 0.07142857142857142 0.09523809523809523
15 0.07936507936507936 0.1746031746031746 0.018849206349206348 0.07407407407407407
15 0.10317460317460317 0.18783068783068782 0.034722222222222224 0.06349206349206349
0 0.09424603174603174 0.3584656084656085 0.09722222222222222 0.21428571428571427
1 0.24206349206349206 0.4021164021164021 0.15476190476190477 0.1693121693121693
2 0.14186507936507936 0.13227513227513227 0.12103174603174603 0.047619047619047616
16 0.09027777777777778 0.14682539682539683 0.017857142857142856 0.018518518518518517
16 0.11210317460317461 0.15476190476190477 0.017857142857142856 0.023809523809523808
16 0.12698412698412698 0.1746031746031746 0.022817460317460316 0.037037037037037035
14 0.1984126984126984 0.3201058201058201 0.018849206349206348 0.017195767195767195
14 0.21726190476190477 0.3439153439153439 0.041666666666666664 0.02513227513227513
14 0.2867063492063492 0.3783068783068783 0.013888888888888888 0.015873015873015872
14 0.24404761904761904 0.25132275132275134 0.03571428571428571 0.042328042328042326
14 0.27976190476190477 0.28835978835978837 0.04662698412698413 0.026455026455026454
14 0.24603174603174602 0.3333333333333333 0.010912698412698412 0.031746031746031744
14 0.2777777777777778 0.3386243386243386 0.041666666666666664 0.04894179894179894