3 0.14682539682539683 0.44312169312169314 0.08333333333333333 0.11375661375661375
13 0.36507936507936506 0.27645502645502645 0.05257936507936508 0.05555555555555555
13 0.28273809523809523 0.33201058201058203 0.05357142857142857 0.12962962962962962
15 0.1488095238095238 0.20105820105820105 0.01984126984126984 0.0701058201058201
15 0.1746031746031746 0.21428571428571427 0.040674603174603176 0.062169312169312166
0 0.1626984126984127 0.3783068783068783 0.10317460317460317 0.21031746031746032
1 0.37996031746031744 0.3492063492063492 0.14484126984126985 0.10714285714285714
2 0.21825396825396826 0.1574074074074074 0.1388888888888889 0.04497354497354497
16 0.2003968253968254 0.20238095238095238 0.018849206349206348 0.03968253968253968
16 0.18353174603174602 0.18121693121693122 0.017857142857142856 0.023809523809523808
16 0.15873015873015872 0.1746031746031746 0.017857142857142856 0.022486772486772486
14 0.3630952380952381 0.38756613756613756 0.01488095238095238 0.013227513227513227
14 0.3462301587301587 0.35978835978835977 0.025793650793650792 0.031746031746031744
14 0.3244047619047619 0.36904761904761907 0.013888888888888888 0.018518518518518517
14 0.3353174603174603 0.30687830687830686 0.0248015873015873 0.022486772486772486
14 0.32837301587301587 0.26587301587301587 0.02976190476190476 0.04497354497354497
14 0.30158730158730157 0.3201058201058201 0.011904761904761904 0.02513227513227513
14 0.2718253968253968 0.3201058201058201 0.013888888888888888 0.017195767195767195
14 0.29563492063492064 0.3333333333333333 0.030753968253968252 0.06349206349206349
14 0.2867063492063492 0.3941798941798942 0.02976190476190476 0.037037037037037035
14 0.30753968253968256 0.37433862433862436 0.010912698412698412 0.013227513227513227
14 0.2767857142857143 0.3664021164021164 0.013888888888888888 0.013227513227513227