3 0.39880952380952384 0.07804232804232804 0.08630952380952381 0.12433862433862433
13 0.2638888888888889 0.3333333333333333 0.054563492063492064 0.07936507936507936
13 0.31547619047619047 0.3544973544973545 0.06845238095238096 0.09656084656084656
13 0.2509920634920635 0.2619047619047619 0.037698412698412696 0.01984126984126984
13 0.24305555555555555 0.2830687830687831 0.03373015873015873 0.01984126984126984
13 0.2718253968253968 0.21825396825396826 0.034722222222222224 0.018518518518518517
13 0.29365079365079366 0.2275132275132275 0.031746031746031744 0.042328042328042326
15 0.14682539682539683 0.3029100529100529 0.03968253968253968 0.06613756613756613
15 0.1746031746031746 0.164021164021164 0.05555555555555555 0.042328042328042326
0 0.4523809523809524 0.2222222222222222 0.03968253968253968 0.23809523809523808
1 0.3680555555555556 0.31746031746031744 0.1884920634920635 0.08333333333333333
2 0.16468253968253968 0.3439153439153439 0.09523809523809523 0.16534391534391535
16 0.19345238095238096 0.1917989417989418 0.017857142857142856 0.023809523809523808
16 0.1736111111111111 0.1349206349206349 0.017857142857142856 0.02513227513227513
16 0.19345238095238096 0.1349206349206349 0.021825396825396824 0.041005291005291
14 0.25396825396825395 0.3558201058201058 0.010912698412698412 0.023809523809523808
14 0.3373015873015873 0.2222222222222222 0.0248015873015873 0.03835978835978836
14 0.3601190476190476 0.31084656084656087 0.03373015873015873 0.04497354497354497
14 0.3134920634920635 0.3201058201058201 0.04861111111111111 0.027777777777777776
14 0.27380952380952384 0.2261904761904762 0.03968253968253968 0.0873015873015873