3 0.43452380952380953 0.14814814814814814 0.09623015873015874 0.1111111111111111
13 0.3611111111111111 0.28174603174603174 0.04365079365079365 0.07671957671957672
13 0.30753968253968256 0.32142857142857145 0.06349206349206349 0.07142857142857142
15 0.14384920634920634 0.18386243386243387 0.021825396825396824 0.07671957671957672
15 0.17063492063492064 0.1970899470899471 0.03869047619047619 0.06613756613756613
0 0.16468253968253968 0.37037037037037035 0.10615079365079365 0.21825396825396826
1 0.31746031746031744 0.4126984126984127 0.14285714285714285 0.1746031746031746
2 0.21428571428571427 0.14153439153439154 0.1378968253968254 0.05026455026455026
16 0.15674603174603174 0.15608465608465608 0.015873015873015872 0.023809523809523808
16 0.18055555555555555 0.164021164021164 0.01984126984126984 0.02513227513227513
16 0.19642857142857142 0.18518518518518517 0.021825396825396824 0.037037037037037035
14 0.3134920634920635 0.26322751322751325 0.034722222222222224 0.05026455026455026
14 0.26785714285714285 0.328042328042328 0.01488095238095238 0.015873015873015872
14 0.2926587301587302 0.35185185185185186 0.037698412698412696 0.02513227513227513
14 0.35912698412698413 0.3862433862433862 0.01488095238095238 0.01984126984126984
14 0.35714285714285715 0.30423280423280424 0.03869047619047619 0.02513227513227513
14 0.32142857142857145 0.3412698412698413 0.017857142857142856 0.02513227513227513
14 0.3412698412698413 0.34656084656084657 0.01984126984126984 0.027777777777777776