3 0.09126984126984126 0.3862433862433862 0.09623015873015874 0.10582010582010581
13 0.2876984126984127 0.31216931216931215 0.021825396825396824 0.015873015873015872
13 0.3373015873015873 0.20899470899470898 0.0744047619047619 0.04894179894179894
13 0.29365079365079366 0.1865079365079365 0.011904761904761904 0.018518518518518517
13 0.25892857142857145 0.23544973544973544 0.025793650793650792 0.0701058201058201
13 0.24603174603174602 0.2962962962962963 0.05952380952380952 0.08333333333333333
15 0.10416666666666667 0.14814814814814814 0.021825396825396824 0.07407407407407407
15 0.12996031746031747 0.15873015873015872 0.041666666666666664 0.06349206349206349
0 0.12103174603174603 0.32407407407407407 0.10714285714285714 0.2037037037037037
1 0.3601190476190476 0.2896825396825397 0.1765873015873016 0.11375661375661375
2 0.16666666666666666 0.10052910052910052 0.12698412698412698 0.047619047619047616
16 0.1130952380952381 0.11904761904761904 0.018849206349206348 0.022486772486772486
16 0.1359126984126984 0.12433862433862433 0.021825396825396824 0.022486772486772486
16 0.1527777777777778 0.14285714285714285 0.020833333333333332 0.037037037037037035
14 0.3382936507936508 0.3306878306878307 0.015873015873015872 0.01455026455026455
14 0.31746031746031744 0.3029100529100529 0.027777777777777776 0.03439153439153439
14 0.2906746031746032 0.31216931216931215 0.013888888888888888 0.017195767195767195
14 0.24603174603174602 0.3386243386243386 0.02976190476190476 0.03835978835978836
14 0.251984126984127 0.2724867724867725 0.047619047619047616 0.06746031746031746
14 0.2986111111111111 0.2037037037037037 0.04563492063492063 0.051587301587301584
14 0.30952380952380953 0.2447089947089947 0.030753968253968252 0.021164021164021163