3 0.375 0.07671957671957672 0.0882936507936508 0.12566137566137567
13 0.22420634920634921 0.2857142857142857 0.034722222222222224 0.04894179894179894
13 0.26785714285714285 0.23544973544973544 0.0763888888888889 0.08465608465608465
13 0.27380952380952384 0.35185185185185186 0.07936507936507936 0.1455026455026455
15 0.16666666666666666 0.18518518518518517 0.05853174603174603 0.03042328042328042
15 0.18253968253968253 0.15873015873015872 0.05555555555555555 0.04365079365079365
0 0.4305555555555556 0.21957671957671956 0.034722222222222224 0.23148148148148148
1 0.35813492063492064 0.2671957671957672 0.16071428571428573 0.1388888888888889
2 0.19047619047619047 0.10052910052910052 0.12698412698412698 0.12037037037037036
16 0.1984126984126984 0.17592592592592593 0.015873015873015872 0.023809523809523808
16 0.18551587301587302 0.12433862433862433 0.02976190476190476 0.026455026455026454
16 0.1527777777777778 0.14285714285714285 0.01984126984126984 0.026455026455026454
14 0.22123015873015872 0.32671957671957674 0.00992063492063492 0.018518518518518517
14 0.2490079365079365 0.3134920634920635 0.02976190476190476 0.06613756613756613
14 0.31547619047619047 0.33465608465608465 0.07043650793650794 0.04497354497354497
14 0.310515873015873 0.26455026455026454 0.03373015873015873 0.03835978835978836
14 0.26785714285714285 0.26322751322751325 0.027777777777777776 0.018518518518518517
14 0.2509920634920635 0.25396825396825395 0.041666666666666664 0.05423280423280423
14 0.25297619047619047 0.21164021164021163 0.02976190476190476 0.031746031746031744