3 0.36507936507936506 0.10582010582010581 0.07936507936507936 0.12169312169312169
13 0.25396825396825395 0.3439153439153439 0.03571428571428571 0.04365079365079365
13 0.28075396825396826 0.35714285714285715 0.037698412698412696 0.06878306878306878
13 0.30357142857142855 0.3941798941798942 0.03968253968253968 0.06481481481481481
13 0.24603174603174602 0.2671957671957672 0.07837301587301587 0.08597883597883597
15 0.15079365079365079 0.22354497354497355 0.060515873015873016 0.018518518518518517
15 0.1488095238095238 0.18518518518518517 0.054563492063492064 0.04365079365079365
0 0.4246031746031746 0.24603174603174602 0.04265873015873016 0.22883597883597884
1 0.34325396825396826 0.33465608465608465 0.18353174603174602 0.09259259259259259
2 0.25297619047619047 0.30952380952380953 0.10515873015873016 0.15211640211640212
16 0.13095238095238096 0.2037037037037037 0.027777777777777776 0.03571428571428571
16 0.15079365079365079 0.1574074074074074 0.01984126984126984 0.023809523809523808
16 0.17162698412698413 0.20634920634920634 0.017857142857142856 0.021164021164021163
14 0.3134920634920635 0.2447089947089947 0.021825396825396824 0.03968253968253968
14 0.2251984126984127 0.3187830687830688 0.013888888888888888 0.018518518518518517
14 0.23809523809523808 0.30687830687830686 0.015873015873015872 0.027777777777777776
14 0.2757936507936508 0.3306878306878307 0.018849206349206348 0.02513227513227513
14 0.32142857142857145 0.3306878306878307 0.07142857142857142 0.046296296296296294
14 0.24107142857142858 0.27645502645502645 0.0496031746031746 0.0291005291005291
14 0.24801587301587302 0.22486772486772486 0.04563492063492063 0.042328042328042326