3 0.12301587301587301 0.3835978835978836 0.09424603174603174 0.1111111111111111
13 0.27380952380952384 0.2698412698412698 0.05257936507936508 0.1335978835978836
13 0.373015873015873 0.21031746031746032 0.06845238095238096 0.05026455026455026
13 0.31746031746031744 0.3148148148148148 0.023809523809523808 0.01984126984126984
15 0.1349206349206349 0.1455026455026455 0.022817460317460316 0.07407407407407407
15 0.16071428571428573 0.15608465608465608 0.04265873015873016 0.06349206349206349
0 0.15178571428571427 0.32275132275132273 0.10714285714285714 0.20502645502645503
1 0.39087301587301587 0.291005291005291 0.1775793650793651 0.1164021164021164
2 0.2003968253968254 0.09788359788359788 0.1349206349206349 0.047619047619047616
16 0.14484126984126985 0.1164021164021164 0.016865079365079364 0.01984126984126984
16 0.16765873015873015 0.12169312169312169 0.021825396825396824 0.02513227513227513
16 0.18551587301587302 0.14153439153439154 0.021825396825396824 0.03968253968253968
14 0.36904761904761907 0.3333333333333333 0.015873015873015872 0.01455026455026455
14 0.3482142857142857 0.3029100529100529 0.025793650793650792 0.03439153439153439
14 0.32142857142857145 0.3148148148148148 0.012896825396825396 0.02513227513227513
14 0.28075396825396826 0.25793650793650796 0.04563492063492063 0.04497354497354497
14 0.2996031746031746 0.28835978835978837 0.01488095238095238 0.022486772486772486
14 0.27976190476190477 0.3386243386243386 0.028769841269841268 0.03968253968253968
14 0.32936507936507936 0.1970899470899471 0.03869047619047619 0.05026455026455026
14 0.3392857142857143 0.24603174603174602 0.027777777777777776 0.022486772486772486