3 0.3819444444444444 0.07539682539682539 0.09325396825396826 0.1402116402116402
13 0.29365079365079366 0.3386243386243386 0.05952380952380952 0.164021164021164
13 0.25496031746031744 0.34656084656084657 0.03373015873015873 0.042328042328042326
13 0.2400793650793651 0.291005291005291 0.047619047619047616 0.042328042328042326
13 0.24206349206349206 0.25132275132275134 0.0744047619047619 0.09656084656084656
15 0.1388888888888889 0.20899470899470898 0.06646825396825397 0.01984126984126984
15 0.1349206349206349 0.16666666666666666 0.060515873015873016 0.047619047619047616
0 0.24206349206349206 0.34656084656084657 0.14682539682539683 0.21296296296296297
1 0.37896825396825395 0.3148148148148148 0.1388888888888889 0.2261904761904762
2 0.25297619047619047 0.294973544973545 0.11706349206349206 0.16666666666666666
16 0.11507936507936507 0.1865079365079365 0.031746031746031744 0.03439153439153439
16 0.13690476190476192 0.1335978835978836 0.023809523809523808 0.0291005291005291
16 0.16071428571428573 0.19047619047619047 0.020833333333333332 0.022486772486772486
14 0.3353174603174603 0.33201058201058203 0.05853174603174603 0.047619047619047616
14 0.22023809523809523 0.31746031746031744 0.012896825396825396 0.022486772486772486
14 0.23809523809523808 0.30687830687830686 0.01984126984126984 0.037037037037037035
14 0.2400793650793651 0.26851851851851855 0.05257936507936508 0.031746031746031744
14 0.24404761904761904 0.21428571428571427 0.05853174603174603 0.05423280423280423
14 0.3253968253968254 0.21693121693121692 0.031746031746031744 0.03042328042328042
14 0.31547619047619047 0.24338624338624337 0.015873015873015872 0.011904761904761904