3 0.37202380952380953 0.07142857142857142 0.08928571428571429 0.1283068783068783
13 0.3541666666666667 0.21031746031746032 0.07539682539682539 0.05026455026455026
13 0.2718253968253968 0.23809523809523808 0.027777777777777776 0.07539682539682539
13 0.2569444444444444 0.30423280423280424 0.06547619047619048 0.08994708994708994
13 0.30158730158730157 0.3187830687830688 0.022817460317460316 0.018518518518518517
15 0.14583333333333334 0.373015873015873 0.06547619047619048 0.026455026455026454
15 0.16071428571428573 0.3333333333333333 0.05952380952380952 0.056878306878306875
0 0.4375 0.21825396825396826 0.06944444444444445 0.23544973544973544
1 0.37896825396825395 0.29365079365079366 0.1865079365079365 0.12037037037037036
2 0.11904761904761904 0.2671957671957672 0.05952380952380952 0.20634920634920634
16 0.12400793650793651 0.3544973544973545 0.01984126984126984 0.02513227513227513
16 0.13392857142857142 0.31746031746031744 0.021825396825396824 0.02513227513227513
16 0.15178571428571427 0.2962962962962963 0.03373015873015873 0.0291005291005291
14 0.3551587301587302 0.3386243386243386 0.015873015873015872 0.01455026455026455
14 0.3333333333333333 0.30687830687830686 0.028769841269841268 0.03306878306878307
14 0.30456349206349204 0.31746031746031744 0.013888888888888888 0.021164021164021163
14 0.2628968253968254 0.34656084656084657 0.025793650793650792 0.042328042328042326
14 0.25793650793650796 0.2619047619047619 0.04662698412698413 0.046296296296296294
14 0.2837301587301587 0.291005291005291 0.016865079365079364 0.026455026455026454
14 0.30753968253968256 0.20105820105820105 0.03869047619047619 0.041005291005291