3 0.11210317460317461 0.33994708994708994 0.10515873015873016 0.12169312169312169
13 0.24702380952380953 0.25132275132275134 0.07142857142857142 0.10052910052910052
13 0.2986111111111111 0.3253968253968254 0.057539682539682536 0.1626984126984127
15 0.14682539682539683 0.1984126984126984 0.06746031746031746 0.018518518518518517
15 0.14087301587301587 0.15608465608465608 0.060515873015873016 0.04894179894179894
0 0.25 0.335978835978836 0.14781746031746032 0.20634920634920634
1 0.38293650793650796 0.30158730158730157 0.1359126984126984 0.21825396825396826
2 0.25992063492063494 0.28174603174603174 0.11507936507936507 0.16666666666666666
16 0.16865079365079366 0.17989417989417988 0.020833333333333332 0.021164021164021163
16 0.12202380952380952 0.1746031746031746 0.031746031746031744 0.03571428571428571
16 0.14484126984126985 0.12169312169312169 0.022817460317460316 0.02513227513227513
14 0.32936507936507936 0.20634920634920634 0.03571428571428571 0.026455026455026454
14 0.32142857142857145 0.23544973544973544 0.022817460317460316 0.01984126984126984
14 0.3373015873015873 0.32275132275132273 0.06746031746031746 0.046296296296296294
14 0.22718253968253968 0.30423280423280424 0.017857142857142856 0.01455026455026455
14 0.24404761904761904 0.2962962962962963 0.023809523809523808 0.03306878306878307
14 0.24603174603174602 0.2605820105820106 0.051587301587301584 0.031746031746031744
14 0.25297619047619047 0.2037037037037037 0.05357142857142857 0.05291005291005291