3 0.3551587301587302 0.06878306878306878 0.08333333333333333 0.13095238095238096
13 0.21626984126984128 0.27380952380952384 0.044642857142857144 0.04497354497354497
13 0.25595238095238093 0.2208994708994709 0.07242063492063493 0.0873015873015873
13 0.24503968253968253 0.3333333333333333 0.037698412698412696 0.046296296296296294
13 0.2896825396825397 0.3478835978835979 0.04861111111111111 0.11904761904761904
13 0.2767857142857143 0.2724867724867725 0.041666666666666664 0.02513227513227513
15 0.14682539682539683 0.18783068783068782 0.06349206349206349 0.027777777777777776
15 0.15873015873015872 0.15873015873015872 0.05853174603174603 0.046296296296296294
0 0.4166666666666667 0.21164021164021163 0.04265873015873016 0.24206349206349206
1 0.3501984126984127 0.23412698412698413 0.18055555555555555 0.11375661375661375
2 0.16468253968253968 0.0992063492063492 0.12301587301587301 0.12962962962962962
16 0.12896825396825398 0.1455026455026455 0.01984126984126984 0.022486772486772486
16 0.17559523809523808 0.17592592592592593 0.017857142857142856 0.023809523809523808
16 0.1626984126984127 0.12433862433862433 0.031746031746031744 0.027777777777777776
14 0.23511904761904762 0.2222222222222222 0.037698412698412696 0.08994708994708994
14 0.24206349206349206 0.29894179894179895 0.0248015873015873 0.06878306878306878
14 0.21428571428571427 0.31746031746031744 0.011904761904761904 0.021164021164021163
14 0.30158730158730157 0.23544973544973544 0.031746031746031744 0.03835978835978836
14 0.25595238095238093 0.24338624338624337 0.018849206349206348 0.015873015873015872
14 0.310515873015873 0.30687830687830686 0.07142857142857142 0.04497354497354497