3 0.38591269841269843 0.07671957671957672 0.09325396825396826 0.12698412698412698
13 0.36507936507936506 0.21825396825396826 0.0744047619047619 0.05555555555555555
13 0.30952380952380953 0.328042328042328 0.022817460317460316 0.015873015873015872
13 0.2787698412698413 0.24735449735449735 0.025793650793650792 0.07671957671957672
13 0.26587301587301587 0.31084656084656087 0.06349206349206349 0.0873015873015873
15 0.17261904761904762 0.17724867724867724 0.060515873015873016 0.041005291005291
15 0.19047619047619047 0.15343915343915343 0.05853174603174603 0.037037037037037035
0 0.4444444444444444 0.22486772486772486 0.060515873015873016 0.24206349206349206
1 0.38492063492063494 0.30423280423280424 0.18353174603174602 0.12301587301587301
2 0.20833333333333334 0.10052910052910052 0.14186507936507936 0.10052910052910052
16 0.16071428571428573 0.1335978835978836 0.01984126984126984 0.0291005291005291
16 0.2003968253968254 0.12169312169312169 0.030753968253968252 0.026455026455026454
16 0.20436507936507936 0.17989417989417988 0.015873015873015872 0.02513227513227513
14 0.3621031746031746 0.3478835978835979 0.013888888888888888 0.013227513227513227
14 0.3134920634920635 0.32936507936507936 0.01488095238095238 0.013227513227513227
14 0.3412698412698413 0.31746031746031744 0.026785714285714284 0.03306878306878307
14 0.26587301587301587 0.3544973544973545 0.027777777777777776 0.037037037037037035
14 0.2708333333333333 0.2830687830687831 0.0496031746031746 0.06878306878306878
14 0.31646825396825395 0.20899470899470898 0.037698412698412696 0.051587301587301584
14 0.32936507936507936 0.2552910052910053 0.027777777777777776 0.023809523809523808