3 0.38492063492063494 0.07539682539682539 0.09523809523809523 0.1402116402116402
13 0.3630952380952381 0.21428571428571427 0.08035714285714286 0.0582010582010582
13 0.28075396825396826 0.24338624338624337 0.03373015873015873 0.08465608465608465
13 0.2638888888888889 0.3082010582010582 0.07142857142857142 0.0873015873015873
13 0.3055555555555556 0.32275132275132273 0.026785714285714284 0.022486772486772486
15 0.17162698412698413 0.17063492063492064 0.057539682539682536 0.03968253968253968
15 0.1884920634920635 0.14814814814814814 0.05952380952380952 0.037037037037037035
0 0.4444444444444444 0.2222222222222222 0.060515873015873016 0.2447089947089947
1 0.38392857142857145 0.29894179894179895 0.18452380952380953 0.12698412698412698
2 0.20634920634920634 0.09523809523809523 0.14285714285714285 0.10052910052910052
16 0.15773809523809523 0.1283068783068783 0.017857142857142856 0.0291005291005291
16 0.19940476190476192 0.1164021164021164 0.02976190476190476 0.026455026455026454
16 0.20337301587301587 0.1746031746031746 0.017857142857142856 0.026455026455026454
14 0.3611111111111111 0.3425925925925926 0.015873015873015872 0.015873015873015872
14 0.3392857142857143 0.31216931216931215 0.027777777777777776 0.037037037037037035
14 0.310515873015873 0.32275132275132273 0.013888888888888888 0.018518518518518517
14 0.32936507936507936 0.25 0.028769841269841268 0.023809523809523808
14 0.31746031746031744 0.2037037037037037 0.03571428571428571 0.05291005291005291
14 0.2857142857142857 0.2671957671957672 0.01488095238095238 0.026455026455026454
14 0.251984126984127 0.2671957671957672 0.01488095238095238 0.01984126984126984
14 0.2777777777777778 0.26851851851851855 0.03968253968253968 0.04497354497354497
14 0.28869047619047616 0.29894179894179895 0.013888888888888888 0.037037037037037035
14 0.2638888888888889 0.3492063492063492 0.03273809523809524 0.046296296296296294