3 0.10218253968253968 0.11243386243386243 0.09722222222222222 0.12433862433862433
13 0.2708333333333333 0.31746031746031744 0.0496031746031746 0.14814814814814814
13 0.16170634920634921 0.31613756613756616 0.041666666666666664 0.11904761904761904
13 0.19444444444444445 0.328042328042328 0.03273809523809524 0.0291005291005291
13 0.2400793650793651 0.37037037037037035 0.011904761904761904 0.05291005291005291
15 0.37202380952380953 0.17328042328042328 0.03373015873015873 0.07142857142857142
15 0.39880952380952384 0.15476190476190477 0.031746031746031744 0.07671957671957672
0 0.21031746031746032 0.31216931216931215 0.09027777777777778 0.23941798941798942
1 0.22718253968253968 0.25 0.08134920634920635 0.24074074074074073
2 0.18055555555555555 0.2976190476190476 0.06845238095238096 0.1984126984126984
16 0.42063492063492064 0.14682539682539683 0.018849206349206348 0.0291005291005291
16 0.3759920634920635 0.14417989417989419 0.02976190476190476 0.037037037037037035
16 0.3898809523809524 0.19576719576719576 0.017857142857142856 0.027777777777777776
14 0.2926587301587302 0.25925925925925924 0.017857142857142856 0.021164021164021163
14 0.26785714285714285 0.25396825396825395 0.018849206349206348 0.011904761904761904
14 0.25396825396825395 0.2605820105820106 0.011904761904761904 0.018518518518518517
14 0.2361111111111111 0.3134920634920635 0.01488095238095238 0.018518518518518517
14 0.24603174603174602 0.3306878306878307 0.020833333333333332 0.041005291005291
14 0.27976190476190477 0.30423280423280424 0.010912698412698412 0.03571428571428571
14 0.30357142857142855 0.30952380952380953 0.03571428571428571 0.04497354497354497
14 0.2986111111111111 0.37566137566137564 0.015873015873015872 0.04365079365079365
14 0.19246031746031747 0.3716931216931217 0.016865079365079364 0.018518518518518517
14 0.1984126984126984 0.35185185185185186 0.028769841269841268 0.021164021164021163
14 0.19246031746031747 0.3148148148148148 0.0248015873015873 0.022486772486772486
14 0.16765873015873015 0.3333333333333333 0.017857142857142856 0.03306878306878307
14 0.20634920634920634 0.23015873015873015 0.01488095238095238 0.02513227513227513
14 0.14484126984126985 0.2857142857142857 0.018849206349206348 0.0701058201058201
14 0.15873015873015872 0.2896825396825397 0.011904761904761904 0.03439153439153439
14 0.16865079365079366 0.26587301587301587 0.011904761904761904 0.013227513227513227