3 0.3740079365079365 0.07539682539682539 0.09325396825396826 0.13756613756613756
13 0.2896825396825397 0.3253968253968254 0.04662698412698413 0.1693121693121693
13 0.25297619047619047 0.3333333333333333 0.03373015873015873 0.04497354497354497
13 0.24107142857142858 0.25132275132275134 0.07738095238095238 0.10582010582010581
13 0.21626984126984128 0.34656084656084657 0.007936507936507936 0.015873015873015872
15 0.14285714285714285 0.2037037037037037 0.0625 0.017195767195767195
15 0.1378968253968254 0.164021164021164 0.057539682539682536 0.046296296296296294
0 0.24107142857142858 0.335978835978836 0.14484126984126985 0.20634920634920634
1 0.3759920634920635 0.30687830687830686 0.13690476190476192 0.2208994708994709
2 0.25 0.2857142857142857 0.11507936507936507 0.164021164021164
16 0.14186507936507936 0.13227513227513227 0.021825396825396824 0.02513227513227513
16 0.1636904761904762 0.18518518518518517 0.021825396825396824 0.022486772486772486
16 0.11904761904761904 0.18121693121693122 0.028769841269841268 0.03439153439153439
14 0.3323412698412698 0.3187830687830688 0.061507936507936505 0.05026455026455026
14 0.21825396825396826 0.3082010582010582 0.018849206349206348 0.021164021164021163
14 0.2361111111111111 0.2976190476190476 0.01984126984126984 0.03439153439153439
14 0.23809523809523808 0.26322751322751325 0.054563492063492064 0.03439153439153439
14 0.24305555555555555 0.20634920634920634 0.057539682539682536 0.04365079365079365
14 0.32043650793650796 0.21031746031746032 0.02976190476190476 0.0291005291005291
14 0.3134920634920635 0.23677248677248677 0.015873015873015872 0.013227513227513227