3 0.3888888888888889 0.08333333333333333 0.0882936507936508 0.12433862433862433
13 0.2787698412698413 0.2328042328042328 0.057539682539682536 0.041005291005291
13 0.24801587301587302 0.2698412698412698 0.031746031746031744 0.023809523809523808
13 0.2390873015873016 0.2896825396825397 0.03373015873015873 0.018518518518518517
13 0.25892857142857145 0.3439153439153439 0.05357142857142857 0.08068783068783068
13 0.31746031746031744 0.36507936507936506 0.06646825396825397 0.09523809523809523
15 0.15079365079365079 0.32407407407407407 0.04365079365079365 0.06613756613756613
15 0.16666666666666666 0.1746031746031746 0.05853174603174603 0.037037037037037035
0 0.44841269841269843 0.2261904761904762 0.044642857142857144 0.23544973544973544
1 0.36607142857142855 0.32275132275132273 0.19246031746031747 0.07804232804232804
2 0.15873015873015872 0.35714285714285715 0.09821428571428571 0.16666666666666666
16 0.1349206349206349 0.3082010582010582 0.0248015873015873 0.03968253968253968
16 0.1865079365079365 0.1984126984126984 0.016865079365079364 0.01984126984126984
16 0.16666666666666666 0.1402116402116402 0.020833333333333332 0.02513227513227513
14 0.3333333333333333 0.2275132275132275 0.023809523809523808 0.03835978835978836
14 0.26884920634920634 0.2328042328042328 0.041666666666666664 0.09391534391534391
14 0.251984126984127 0.36507936507936506 0.015873015873015872 0.02513227513227513
14 0.25297619047619047 0.31613756613756616 0.021825396825396824 0.018518518518518517
14 0.3353174603174603 0.3134920634920635 0.08333333333333333 0.05026455026455026