3 0.36408730158730157 0.08333333333333333 0.08134920634920635 0.12433862433862433
13 0.25297619047619047 0.23412698412698413 0.057539682539682536 0.042328042328042326
13 0.22123015873015872 0.26851851851851855 0.03373015873015873 0.021164021164021163
13 0.2123015873015873 0.2923280423280423 0.031746031746031744 0.023809523809523808
13 0.23214285714285715 0.34523809523809523 0.051587301587301584 0.082010582010582
13 0.2867063492063492 0.36507936507936506 0.06944444444444445 0.09391534391534391
15 0.15674603174603174 0.19444444444444445 0.05952380952380952 0.0291005291005291
15 0.17162698412698413 0.16666666666666666 0.05555555555555555 0.04365079365079365
0 0.4226190476190476 0.2275132275132275 0.040674603174603176 0.23544973544973544
1 0.3382936507936508 0.32275132275132273 0.1884920634920635 0.07804232804232804
2 0.17857142857142858 0.10846560846560846 0.12301587301587301 0.12301587301587301
16 0.1884920634920635 0.18386243386243387 0.01488095238095238 0.023809523809523808
16 0.1746031746031746 0.1335978835978836 0.030753968253968252 0.0291005291005291
16 0.14285714285714285 0.15211640211640212 0.020833333333333332 0.023809523809523808
14 0.30753968253968256 0.23015873015873015 0.026785714285714284 0.037037037037037035
14 0.32936507936507936 0.3148148148148148 0.037698412698412696 0.05026455026455026
14 0.22420634920634921 0.3664021164021164 0.011904761904761904 0.026455026455026454
14 0.2261904761904762 0.31746031746031744 0.018849206349206348 0.01984126984126984
14 0.24503968253968253 0.23412698412698413 0.037698412698412696 0.0873015873015873
14 0.2728174603174603 0.328042328042328 0.017857142857142856 0.015873015873015872
14 0.30158730158730157 0.3306878306878307 0.026785714285714284 0.017195767195767195