3 0.38591269841269843 0.07142857142857142 0.08928571428571429 0.1349206349206349
13 0.2777777777777778 0.34656084656084657 0.06845238095238096 0.09126984126984126
13 0.2996031746031746 0.2804232804232804 0.04365079365079365 0.07539682539682539
13 0.2490079365079365 0.24338624338624337 0.06944444444444445 0.10052910052910052
15 0.15674603174603174 0.19047619047619047 0.0625 0.021164021164021163
15 0.1527777777777778 0.15079365079365079 0.05555555555555555 0.04365079365079365
0 0.44246031746031744 0.2208994708994709 0.03968253968253968 0.24867724867724866
1 0.38392857142857145 0.2962962962962963 0.13293650793650794 0.2208994708994709
2 0.2628968253968254 0.2724867724867725 0.1130952380952381 0.1574074074074074
16 0.15674603174603174 0.12037037037037036 0.021825396825396824 0.023809523809523808
16 0.1349206349206349 0.167989417989418 0.030753968253968252 0.03439153439153439
16 0.1775793650793651 0.1746031746031746 0.01984126984126984 0.022486772486772486
14 0.3472222222222222 0.30952380952380953 0.047619047619047616 0.046296296296296294
14 0.31646825396825395 0.31216931216931215 0.017857142857142856 0.041005291005291
14 0.2876984126984127 0.291005291005291 0.020833333333333332 0.05291005291005291
14 0.33134920634920634 0.20105820105820105 0.034722222222222224 0.027777777777777776
14 0.32142857142857145 0.2261904761904762 0.015873015873015872 0.018518518518518517
14 0.23015873015873015 0.29365079365079366 0.011904761904761904 0.015873015873015872
14 0.24702380952380953 0.2857142857142857 0.017857142857142856 0.031746031746031744
14 0.25 0.25132275132275134 0.051587301587301584 0.03042328042328042
14 0.24107142857142858 0.20502645502645503 0.017857142857142856 0.013227513227513227
14 0.2638888888888889 0.1865079365079365 0.031746031746031744 0.03439153439153439
14 0.2619047619047619 0.21296296296296297 0.028769841269841268 0.013227513227513227