3 0.44146825396825395 0.36772486772486773 0.10912698412698413 0.11507936507936507
13 0.23015873015873015 0.34656084656084657 0.012896825396825396 0.06481481481481481
13 0.2698412698412698 0.30423280423280424 0.044642857142857144 0.14153439153439154
13 0.17956349206349206 0.25793650793650796 0.06944444444444445 0.12962962962962962
15 0.2787698412698413 0.21693121693121692 0.061507936507936505 0.026455026455026454
15 0.4037698412698413 0.14285714285714285 0.02976190476190476 0.07407407407407407
0 0.2123015873015873 0.2777777777777778 0.044642857142857144 0.2526455026455027
1 0.24404761904761904 0.2222222222222222 0.03869047619047619 0.2526455026455027
2 0.1865079365079365 0.25132275132275134 0.03571428571428571 0.20634920634920634
16 0.2976190476190476 0.2037037037037037 0.020833333333333332 0.01984126984126984
16 0.376984126984127 0.14285714285714285 0.027777777777777776 0.037037037037037035
16 0.42658730158730157 0.1402116402116402 0.018849206349206348 0.03306878306878307
14 0.2728174603174603 0.24603174603174602 0.025793650793650792 0.037037037037037035
14 0.16765873015873015 0.2156084656084656 0.037698412698412696 0.03968253968253968
14 0.15674603174603174 0.24867724867724866 0.023809523809523808 0.021164021164021163
14 0.18452380952380953 0.27645502645502645 0.050595238095238096 0.03968253968253968
14 0.19642857142857142 0.30423280423280424 0.02976190476190476 0.026455026455026454
14 0.1865079365079365 0.3253968253968254 0.017857142857142856 0.015873015873015872
14 0.2857142857142857 0.36507936507936506 0.015873015873015872 0.042328042328042326
14 0.2996031746031746 0.3029100529100529 0.04861111111111111 0.05555555555555555
14 0.2400793650793651 0.2830687830687831 0.020833333333333332 0.018518518518518517
14 0.24503968253968253 0.3055555555555556 0.023809523809523808 0.0291005291005291