3 0.39087301587301587 0.08597883597883597 0.0873015873015873 0.12962962962962962
13 0.23809523809523808 0.29365079365079366 0.03571428571428571 0.02513227513227513
13 0.24702380952380953 0.27116402116402116 0.03373015873015873 0.023809523809523808
13 0.26686507936507936 0.2275132275132275 0.03373015873015873 0.017195767195767195
13 0.28869047619047616 0.23544973544973544 0.03373015873015873 0.041005291005291
13 0.2896825396825397 0.3584656084656085 0.11507936507936507 0.10846560846560846
15 0.15178571428571427 0.328042328042328 0.04563492063492063 0.0701058201058201
15 0.16567460317460317 0.1746031746031746 0.057539682539682536 0.037037037037037035
0 0.44642857142857145 0.2275132275132275 0.040674603174603176 0.23412698412698413
1 0.36507936507936506 0.3253968253968254 0.19047619047619047 0.07804232804232804
2 0.15773809523809523 0.35714285714285715 0.09722222222222222 0.16666666666666666
16 0.13293650793650794 0.30952380952380953 0.026785714285714284 0.03835978835978836
16 0.16567460317460317 0.1402116402116402 0.01984126984126984 0.026455026455026454
16 0.1865079365079365 0.1984126984126984 0.020833333333333332 0.01984126984126984
14 0.3333333333333333 0.23015873015873015 0.028769841269841268 0.037037037037037035
14 0.2718253968253968 0.2037037037037037 0.027777777777777776 0.03571428571428571
14 0.26884920634920634 0.25 0.041666666666666664 0.06084656084656084
14 0.251984126984127 0.31746031746031744 0.018849206349206348 0.01984126984126984
14 0.25297619047619047 0.3664021164021164 0.013888888888888888 0.023809523809523808
14 0.3005952380952381 0.3201058201058201 0.025793650793650792 0.021164021164021163
14 0.35714285714285715 0.31746031746031744 0.03571428571428571 0.046296296296296294