3 0.1001984126984127 0.12169312169312169 0.09325396825396826 0.1164021164021164
13 0.1884920634920635 0.35714285714285715 0.01984126984126984 0.022486772486772486
13 0.21726190476190477 0.3492063492063492 0.021825396825396824 0.04894179894179894
13 0.1865079365079365 0.291005291005291 0.031746031746031744 0.022486772486772486
13 0.2619047619047619 0.3148148148148148 0.047619047619047616 0.13756613756613756
13 0.15674603174603174 0.2671957671957672 0.044642857142857144 0.12698412698412698
15 0.2648809523809524 0.2261904761904762 0.061507936507936505 0.023809523809523808
15 0.3878968253968254 0.15211640211640212 0.02976190476190476 0.07671957671957672
0 0.2013888888888889 0.2857142857142857 0.04563492063492063 0.24735449735449735
1 0.23214285714285715 0.2328042328042328 0.03968253968253968 0.25
2 0.1746031746031746 0.2619047619047619 0.03571428571428571 0.19973544973544974
16 0.28273809523809523 0.21428571428571427 0.017857142857142856 0.022486772486772486
16 0.3611111111111111 0.15079365079365079 0.027777777777777776 0.037037037037037035
16 0.4097222222222222 0.14814814814814814 0.017857142857142856 0.03306878306878307
14 0.2718253968253968 0.36904761904761907 0.01488095238095238 0.04497354497354497
14 0.2837301587301587 0.30952380952380953 0.04365079365079365 0.05291005291005291
14 0.25793650793650796 0.25396825396825395 0.0248015873015873 0.031746031746031744
14 0.22817460317460317 0.2923280423280423 0.017857142857142856 0.018518518518518517
14 0.23115079365079366 0.31216931216931215 0.021825396825396824 0.0291005291005291
14 0.1765873015873016 0.33201058201058203 0.011904761904761904 0.013227513227513227
14 0.1865079365079365 0.31216931216931215 0.0248015873015873 0.021164021164021163
14 0.17261904761904762 0.2843915343915344 0.0496031746031746 0.03439153439153439
14 0.14285714285714285 0.2619047619047619 0.016865079365079364 0.01984126984126984
14 0.16170634920634921 0.23015873015873015 0.037698412698412696 0.047619047619047616
14 0.21428571428571427 0.20502645502645503 0.013888888888888888 0.023809523809523808