3 0.3492063492063492 0.07275132275132275 0.08333333333333333 0.13227513227513227
13 0.2867063492063492 0.35185185185185186 0.041666666666666664 0.10978835978835978
13 0.24603174603174602 0.335978835978836 0.03968253968253968 0.046296296296296294
13 0.2113095238095238 0.2777777777777778 0.041666666666666664 0.042328042328042326
13 0.22916666666666666 0.21957671957671956 0.03373015873015873 0.021164021164021163
13 0.2718253968253968 0.2751322751322751 0.04662698412698413 0.02513227513227513
13 0.2619047619047619 0.21957671957671956 0.04365079365079365 0.07804232804232804
15 0.14186507936507936 0.1931216931216931 0.061507936507936505 0.026455026455026454
15 0.15476190476190477 0.164021164021164 0.05654761904761905 0.04365079365079365
0 0.4126984126984127 0.2156084656084656 0.04563492063492063 0.24074074074074073
1 0.34523809523809523 0.23809523809523808 0.17857142857142858 0.1111111111111111
2 0.16071428571428573 0.10449735449735449 0.12301587301587301 0.12962962962962962
16 0.17261904761904762 0.17989417989417988 0.017857142857142856 0.023809523809523808
16 0.15873015873015872 0.12962962962962962 0.031746031746031744 0.0291005291005291
16 0.125 0.14814814814814814 0.01984126984126984 0.02513227513227513
14 0.21031746031746032 0.32142857142857145 0.013888888888888888 0.018518518518518517
14 0.2361111111111111 0.3029100529100529 0.025793650793650792 0.07142857142857142
14 0.22023809523809523 0.25793650793650796 0.020833333333333332 0.06084656084656084
14 0.2371031746031746 0.23015873015873015 0.025793650793650792 0.03306878306878307
14 0.24702380952380953 0.24867724867724866 0.017857142857142856 0.01455026455026455
14 0.23214285714285715 0.1984126984126984 0.027777777777777776 0.031746031746031744
14 0.29563492063492064 0.24074074074074073 0.031746031746031744 0.03306878306878307
14 0.30753968253968256 0.31084656084656087 0.06746031746031746 0.04497354497354497