3 0.38095238095238093 0.0701058201058201 0.09523809523809523 0.1349206349206349
13 0.2916666666666667 0.3333333333333333 0.050595238095238096 0.167989417989418
13 0.25892857142857145 0.3412698412698413 0.03373015873015873 0.042328042328042326
13 0.24206349206349206 0.2566137566137566 0.07341269841269842 0.10714285714285714
15 0.14087301587301587 0.20502645502645503 0.06646825396825397 0.018518518518518517
15 0.1359126984126984 0.164021164021164 0.061507936507936505 0.04894179894179894
0 0.24404761904761904 0.33994708994708994 0.14682539682539683 0.20899470899470898
1 0.38095238095238093 0.3082010582010582 0.1378968253968254 0.22486772486772486
2 0.25396825396825395 0.28835978835978837 0.11507936507936507 0.1693121693121693
16 0.1388888888888889 0.12962962962962962 0.023809523809523808 0.027777777777777776
16 0.11706349206349206 0.18253968253968253 0.031746031746031744 0.037037037037037035
16 0.1626984126984127 0.1865079365079365 0.020833333333333332 0.023809523809523808
14 0.3253968253968254 0.20899470899470898 0.034722222222222224 0.026455026455026454
14 0.24702380952380953 0.20634920634920634 0.0496031746031746 0.05423280423280423
14 0.24206349206349206 0.26587301587301587 0.05555555555555555 0.03439153439153439
14 0.2371031746031746 0.30158730158730157 0.025793650793650792 0.037037037037037035
14 0.22023809523809523 0.3134920634920635 0.015873015873015872 0.023809523809523808
14 0.3392857142857143 0.328042328042328 0.06845238095238096 0.042328042328042326