3 0.44047619047619047 0.10052910052910052 0.10714285714285714 0.12301587301587301
13 0.3402777777777778 0.2275132275132275 0.017857142857142856 0.05423280423280423
13 0.33134920634920634 0.26455026455026454 0.10416666666666667 0.04894179894179894
13 0.30257936507936506 0.30423280423280424 0.07738095238095238 0.04894179894179894
15 0.12797619047619047 0.13227513227513227 0.021825396825396824 0.08068783068783068
15 0.15773809523809523 0.15079365079365079 0.041666666666666664 0.07407407407407407
0 0.1498015873015873 0.33201058201058203 0.10912698412698413 0.22486772486772486
1 0.30853174603174605 0.3783068783068783 0.1527777777777778 0.1746031746031746
2 0.20337301587301587 0.0873015873015873 0.14484126984126985 0.047619047619047616
16 0.14087301587301587 0.10582010582010581 0.016865079365079364 0.021164021164021163
16 0.16666666666666666 0.11507936507936507 0.022817460317460316 0.0291005291005291
16 0.18353174603174602 0.13756613756613756 0.021825396825396824 0.041005291005291
14 0.30853174603174605 0.2222222222222222 0.03571428571428571 0.047619047619047616
14 0.25992063492063494 0.291005291005291 0.01488095238095238 0.017195767195767195
14 0.28075396825396826 0.27380952380952384 0.011904761904761904 0.0291005291005291
14 0.28174603174603174 0.31613756613756616 0.03670634920634921 0.023809523809523808
14 0.3273809523809524 0.31084656084656087 0.04662698412698413 0.03968253968253968
14 0.3472222222222222 0.26587301587301587 0.03670634920634921 0.023809523809523808
14 0.3531746031746032 0.35185185185185186 0.015873015873015872 0.017195767195767195