3 0.3888888888888889 0.07407407407407407 0.0873015873015873 0.12566137566137567
13 0.26686507936507936 0.21164021164021163 0.037698412698412696 0.013227513227513227
13 0.3134920634920635 0.3544973544973545 0.06448412698412699 0.08994708994708994
13 0.24801587301587302 0.25396825396825395 0.03670634920634921 0.022486772486772486
13 0.23809523809523808 0.2777777777777778 0.034722222222222224 0.021164021164021163
13 0.25297619047619047 0.3306878306878307 0.061507936507936505 0.07804232804232804
15 0.16865079365079366 0.15873015873015872 0.054563492063492064 0.042328042328042326
15 0.14484126984126985 0.2976190476190476 0.03869047619047619 0.06613756613756613
0 0.44642857142857145 0.21428571428571427 0.03968253968253968 0.2328042328042328
1 0.3630952380952381 0.30952380952380953 0.1865079365079365 0.07804232804232804
2 0.16071428571428573 0.3386243386243386 0.09523809523809523 0.16137566137566137
16 0.1875 0.1865079365079365 0.017857142857142856 0.023809523809523808
16 0.16865079365079366 0.12962962962962962 0.01984126984126984 0.022486772486772486
16 0.1884920634920635 0.13227513227513227 0.022817460317460316 0.041005291005291
14 0.3323412698412698 0.2156084656084656 0.025793650793650792 0.03968253968253968
14 0.27380952380952384 0.19444444444444445 0.040674603174603176 0.023809523809523808
14 0.2698412698412698 0.23544973544973544 0.03968253968253968 0.06349206349206349
14 0.3353174603174603 0.29894179894179895 0.09027777777777778 0.041005291005291
14 0.251984126984127 0.30158730158730157 0.020833333333333332 0.01455026455026455
14 0.2509920634920635 0.34656084656084657 0.013888888888888888 0.021164021164021163