3 0.0992063492063492 0.10978835978835978 0.09623015873015874 0.12433862433862433
13 0.15674603174603174 0.31216931216931215 0.04662698412698413 0.12566137566137567
13 0.19246031746031747 0.3187830687830688 0.028769841269841268 0.023809523809523808
13 0.23511904761904762 0.37037037037037035 0.017857142857142856 0.0582010582010582
13 0.2698412698412698 0.3134920634920635 0.0496031746031746 0.15079365079365079
15 0.3680555555555556 0.1693121693121693 0.03373015873015873 0.07407407407407407
15 0.3948412698412698 0.15211640211640212 0.031746031746031744 0.07671957671957672
0 0.20734126984126985 0.31216931216931215 0.08928571428571429 0.24206349206349206
1 0.2251984126984127 0.24735449735449735 0.08134920634920635 0.24074074074074073
2 0.1765873015873016 0.294973544973545 0.06746031746031746 0.1984126984126984
16 0.4176587301587302 0.14285714285714285 0.017857142857142856 0.03306878306878307
16 0.373015873015873 0.1402116402116402 0.026785714285714284 0.037037037037037035
16 0.38591269841269843 0.18915343915343916 0.017857142857142856 0.0291005291005291
14 0.20436507936507936 0.2275132275132275 0.016865079365079364 0.026455026455026454
14 0.25992063492063494 0.2566137566137566 0.027777777777777776 0.021164021164021163
14 0.2896825396825397 0.2566137566137566 0.01984126984126984 0.021164021164021163
14 0.29563492063492064 0.3716931216931217 0.016865079365079364 0.04497354497354497
14 0.29464285714285715 0.3055555555555556 0.0496031746031746 0.04497354497354497
14 0.23313492063492064 0.31084656084656087 0.013888888888888888 0.018518518518518517
14 0.24206349206349206 0.328042328042328 0.022817460317460316 0.037037037037037035
14 0.19047619047619047 0.37037037037037035 0.01984126984126984 0.01455026455026455
14 0.19642857142857142 0.3478835978835979 0.030753968253968252 0.018518518518518517
14 0.14682539682539683 0.28835978835978837 0.0248015873015873 0.06878306878306878
14 0.1636904761904762 0.32936507936507936 0.017857142857142856 0.03439153439153439
14 0.1884920634920635 0.31216931216931215 0.027777777777777776 0.02513227513227513