3 0.38293650793650796 0.06746031746031746 0.0873015873015873 0.1349206349206349
13 0.2916666666666667 0.3478835978835979 0.08333333333333333 0.11904761904761904
13 0.2926587301587302 0.23148148148148148 0.0496031746031746 0.10846560846560846
13 0.25297619047619047 0.21428571428571427 0.02976190476190476 0.027777777777777776
13 0.23214285714285715 0.2698412698412698 0.03571428571428571 0.042328042328042326
15 0.16666666666666666 0.18121693121693122 0.05952380952380952 0.0291005291005291
15 0.18253968253968253 0.15343915343915343 0.05654761904761905 0.041005291005291
0 0.4384920634920635 0.21825396825396826 0.03869047619047619 0.24338624338624337
1 0.373015873015873 0.23809523809523808 0.18154761904761904 0.12037037037037036
2 0.18948412698412698 0.09259259259259259 0.12896825396825398 0.12566137566137567
16 0.15079365079365079 0.1349206349206349 0.01984126984126984 0.022486772486772486
16 0.1865079365079365 0.11904761904761904 0.031746031746031744 0.027777777777777776
16 0.1984126984126984 0.1693121693121693 0.015873015873015872 0.026455026455026454
14 0.25595238095238093 0.1931216931216931 0.030753968253968252 0.0291005291005291
14 0.25793650793650796 0.26851851851851855 0.03670634920634921 0.12433862433862433
14 0.2718253968253968 0.24206349206349206 0.021825396825396824 0.013227513227513227
14 0.25992063492063494 0.294973544973545 0.028769841269841268 0.06613756613756613
14 0.23214285714285715 0.3148148148148148 0.012896825396825396 0.01984126984126984
14 0.32142857142857145 0.23809523809523808 0.03571428571428571 0.03835978835978836
14 0.3343253968253968 0.30952380952380953 0.07341269841269842 0.047619047619047616