3 0.10317460317460317 0.33994708994708994 0.10813492063492064 0.12962962962962962
13 0.3551587301587302 0.31746031746031744 0.022817460317460316 0.047619047619047616
13 0.30753968253968256 0.3544973544973545 0.07341269841269842 0.13095238095238096
13 0.2490079365079365 0.3531746031746032 0.03373015873015873 0.03968253968253968
13 0.2361111111111111 0.2328042328042328 0.07142857142857142 0.10714285714285714
15 0.14087301587301587 0.1970899470899471 0.06845238095238096 0.018518518518518517
15 0.1349206349206349 0.15343915343915343 0.060515873015873016 0.047619047619047616
0 0.2718253968253968 0.2857142857142857 0.09424603174603174 0.24867724867724866
1 0.3194444444444444 0.25925925925925924 0.1001984126984127 0.23677248677248677
2 0.25992063492063494 0.24603174603174602 0.0873015873015873 0.1917989417989418
16 0.16170634920634921 0.17857142857142858 0.021825396825396824 0.023809523809523808
16 0.1388888888888889 0.12169312169312169 0.022817460317460316 0.026455026455026454
16 0.11507936507936507 0.17328042328042328 0.030753968253968252 0.03439153439153439
14 0.3115079365079365 0.2222222222222222 0.016865079365079364 0.022486772486772486
14 0.3333333333333333 0.3002645502645503 0.027777777777777776 0.031746031746031744
14 0.3551587301587302 0.3333333333333333 0.01984126984126984 0.018518518518518517
14 0.2896825396825397 0.42063492063492064 0.027777777777777776 0.03571428571428571
14 0.3333333333333333 0.373015873015873 0.03869047619047619 0.0701058201058201
14 0.28075396825396826 0.3333333333333333 0.03373015873015873 0.01984126984126984
14 0.2876984126984127 0.30952380952380953 0.022817460317460316 0.015873015873015872
14 0.22123015873015872 0.30423280423280424 0.013888888888888888 0.01984126984126984
14 0.2371031746031746 0.294973544973545 0.01984126984126984 0.03439153439153439
14 0.2261904761904762 0.2526455026455027 0.0248015873015873 0.018518518518518517
14 0.25396825396825395 0.26322751322751325 0.028769841269841268 0.023809523809523808
14 0.2251984126984127 0.21428571428571427 0.017857142857142856 0.011904761904761904
14 0.24801587301587302 0.21428571428571427 0.022817460317460316 0.017195767195767195
14 0.24603174603174602 0.18783068783068782 0.031746031746031744 0.037037037037037035