3 0.38293650793650796 0.07275132275132275 0.08432539682539683 0.12169312169312169
13 0.2857142857142857 0.22486772486772486 0.028769841269841268 0.06349206349206349
13 0.36706349206349204 0.20105820105820105 0.07142857142857142 0.05291005291005291
13 0.27380952380952384 0.28174603174603174 0.0625 0.07142857142857142
13 0.31547619047619047 0.3055555555555556 0.01984126984126984 0.018518518518518517
15 0.16964285714285715 0.35185185185185186 0.05952380952380952 0.037037037037037035
15 0.17857142857142858 0.31613756613756616 0.05853174603174603 0.05026455026455026
0 0.44345238095238093 0.21164021164021163 0.06547619047619048 0.2222222222222222
1 0.3878968253968254 0.2830687830687831 0.1765873015873016 0.11507936507936507
2 0.17559523809523808 0.28703703703703703 0.06547619047619048 0.1931216931216931
16 0.15674603174603174 0.3002645502645503 0.01984126984126984 0.021164021164021163
16 0.1736111111111111 0.2857142857142857 0.02976190476190476 0.023809523809523808
16 0.19940476190476192 0.328042328042328 0.017857142857142856 0.026455026455026454
14 0.36507936507936506 0.32671957671957674 0.015873015873015872 0.018518518518518517
14 0.34424603174603174 0.2962962962962963 0.021825396825396824 0.03306878306878307
14 0.3333333333333333 0.23809523809523808 0.028769841269841268 0.022486772486772486
14 0.32142857142857145 0.1931216931216931 0.03273809523809524 0.046296296296296294
14 0.27976190476190477 0.26455026455026454 0.047619047619047616 0.062169312169312166
14 0.26686507936507936 0.30423280423280424 0.011904761904761904 0.009259259259259259
14 0.27380952380952384 0.33201058201058203 0.028769841269841268 0.03968253968253968