3 0.3948412698412698 0.07407407407407407 0.09226190476190477 0.13624338624338625
13 0.27380952380952384 0.32671957671957674 0.03670634920634921 0.04497354497354497
13 0.3134920634920635 0.34656084656084657 0.03968253968253968 0.1111111111111111
13 0.30753968253968256 0.27380952380952384 0.040674603174603176 0.0291005291005291
13 0.2996031746031746 0.21164021164021163 0.04365079365079365 0.07936507936507936
13 0.24603174603174602 0.27116402116402116 0.040674603174603176 0.05026455026455026
13 0.2628968253968254 0.21164021164021163 0.031746031746031744 0.017195767195767195
15 0.1775793650793651 0.17989417989417988 0.061507936507936505 0.03042328042328042
15 0.19246031746031747 0.15079365079365079 0.05654761904761905 0.042328042328042326
0 0.44841269841269843 0.2208994708994709 0.040674603174603176 0.24603174603174602
1 0.3819444444444444 0.23677248677248677 0.18055555555555555 0.12433862433862433
2 0.2003968253968254 0.09126984126984126 0.12996031746031747 0.12169312169312169
16 0.20833333333333334 0.1693121693121693 0.016865079365079364 0.022486772486772486
16 0.1974206349206349 0.1164021164021164 0.03373015873015873 0.026455026455026454
16 0.16170634920634921 0.1335978835978836 0.021825396825396824 0.023809523809523808
14 0.2648809523809524 0.19047619047619047 0.025793650793650792 0.031746031746031744
14 0.3323412698412698 0.23809523809523808 0.03373015873015873 0.037037037037037035
14 0.3402777777777778 0.31084656084656087 0.06746031746031746 0.04497354497354497
14 0.26884920634920634 0.29365079365079366 0.02976190476190476 0.0701058201058201
14 0.2400793650793651 0.31216931216931215 0.015873015873015872 0.01984126984126984
14 0.251984126984127 0.24206349206349206 0.0248015873015873 0.05026455026455026
14 0.2728174603174603 0.2222222222222222 0.025793650793650792 0.03042328042328042
14 0.28075396825396826 0.24074074074074073 0.017857142857142856 0.015873015873015872