3 0.10813492063492064 0.3373015873015873 0.10317460317460317 0.12433862433862433
13 0.2638888888888889 0.33201058201058203 0.034722222222222224 0.03968253968253968
13 0.22420634920634921 0.3439153439153439 0.011904761904761904 0.011904761904761904
13 0.24206349206349206 0.2751322751322751 0.05952380952380952 0.04894179894179894
13 0.251984126984127 0.22354497354497355 0.08035714285714286 0.05026455026455026
13 0.2996031746031746 0.32275132275132273 0.057539682539682536 0.164021164021164
15 0.14682539682539683 0.19576719576719576 0.06746031746031746 0.017195767195767195
15 0.14087301587301587 0.15079365079365079 0.05853174603174603 0.04894179894179894
0 0.25 0.3306878306878307 0.1498015873015873 0.21031746031746032
1 0.3878968253968254 0.30158730158730157 0.14087301587301587 0.2275132275132275
2 0.2619047619047619 0.2791005291005291 0.11805555555555555 0.1693121693121693
16 0.12202380952380952 0.17195767195767195 0.02976190476190476 0.03968253968253968
16 0.14384920634920634 0.11904761904761904 0.021825396825396824 0.0291005291005291
16 0.16865079365079366 0.17592592592592593 0.020833333333333332 0.018518518518518517
14 0.34325396825396826 0.31746031746031744 0.06349206349206349 0.047619047619047616
14 0.22817460317460317 0.30423280423280424 0.016865079365079364 0.021164021164021163
14 0.24404761904761904 0.29365079365079366 0.01984126984126984 0.03835978835978836
14 0.24603174603174602 0.25396825396825395 0.05257936507936508 0.027777777777777776
14 0.33035714285714285 0.20105820105820105 0.02976190476190476 0.027777777777777776
14 0.32341269841269843 0.2275132275132275 0.016865079365079364 0.017195767195767195
14 0.251984126984127 0.1984126984126984 0.051587301587301584 0.05423280423280423