3 0.39087301587301587 0.15608465608465608 0.07242063492063493 0.09391534391534391
13 0.314484126984127 0.25396825396825395 0.00992063492063492 0.047619047619047616
13 0.32936507936507936 0.2830687830687831 0.03968253968253968 0.037037037037037035
13 0.27976190476190477 0.2976190476190476 0.05555555555555555 0.07671957671957672
15 0.14484126984126985 0.18518518518518517 0.016865079365079364 0.06349206349206349
15 0.16567460317460317 0.1970899470899471 0.03373015873015873 0.05555555555555555
0 0.16071428571428573 0.3412698412698413 0.0873015873015873 0.17989417989417988
1 0.28869047619047616 0.3783068783068783 0.125 0.14153439153439154
2 0.20238095238095238 0.15079365079365079 0.1111111111111111 0.046296296296296294
16 0.15476190476190477 0.1626984126984127 0.01488095238095238 0.018518518518518517
16 0.1736111111111111 0.167989417989418 0.017857142857142856 0.018518518518518517
16 0.1875 0.18518518518518517 0.017857142857142856 0.03042328042328042
14 0.32341269841269843 0.3558201058201058 0.01488095238095238 0.013227513227513227
14 0.28869047619047616 0.25132275132275134 0.02976190476190476 0.03571428571428571
14 0.3194444444444444 0.2857142857142857 0.03670634920634921 0.01984126984126984
14 0.24702380952380953 0.30952380952380953 0.013888888888888888 0.01455026455026455
14 0.26785714285714285 0.32936507936507936 0.034722222222222224 0.023809523809523808
14 0.26686507936507936 0.2962962962962963 0.00992063492063492 0.02513227513227513
14 0.2916666666666667 0.3201058201058201 0.011904761904761904 0.02513227513227513
14 0.3115079365079365 0.3201058201058201 0.027777777777777776 0.02513227513227513