3 0.376984126984127 0.08862433862433862 0.0882936507936508 0.12962962962962962
13 0.2757936507936508 0.3637566137566138 0.06746031746031746 0.09259259259259259
13 0.30753968253968256 0.2857142857142857 0.041666666666666664 0.0582010582010582
13 0.2490079365079365 0.2923280423280423 0.037698412698412696 0.037037037037037035
13 0.25396825396825395 0.23677248677248677 0.0763888888888889 0.06613756613756613
13 0.22023809523809523 0.2751322751322751 0.022817460317460316 0.03571428571428571
15 0.15476190476190477 0.21031746031746032 0.0625 0.018518518518518517
15 0.15079365079365079 0.17195767195767195 0.054563492063492064 0.04497354497354497
0 0.4384920634920635 0.23544973544973544 0.041666666666666664 0.24206349206349206
1 0.38095238095238093 0.31216931216931215 0.1359126984126984 0.21693121693121692
2 0.25892857142857145 0.28835978835978837 0.1130952380952381 0.15873015873015872
16 0.15376984126984128 0.14153439153439154 0.021825396825396824 0.023809523809523808
16 0.1746031746031746 0.1931216931216931 0.01984126984126984 0.01984126984126984
16 0.13194444444444445 0.18915343915343916 0.02976190476190476 0.03439153439153439
14 0.34325396825396826 0.32407407407407407 0.050595238095238096 0.05026455026455026
14 0.22916666666666666 0.31084656084656087 0.013888888888888888 0.015873015873015872
14 0.24503968253968253 0.30158730158730157 0.017857142857142856 0.037037037037037035
14 0.2847222222222222 0.3134920634920635 0.021825396825396824 0.06084656084656084
14 0.31746031746031744 0.24338624338624337 0.015873015873015872 0.017195767195767195
14 0.3273809523809524 0.21957671957671956 0.031746031746031744 0.027777777777777776
14 0.24801587301587302 0.26851851851851855 0.047619047619047616 0.0291005291005291
14 0.25297619047619047 0.2275132275132275 0.0496031746031746 0.021164021164021163
14 0.25992063492063494 0.20634920634920634 0.03273809523809524 0.03306878306878307