3 0.44146825396825395 0.3664021164021164 0.1130952380952381 0.10317460317460317
13 0.2876984126984127 0.3148148148148148 0.03968253968253968 0.14153439153439154
13 0.24702380952380953 0.35185185185185186 0.021825396825396824 0.0582010582010582
13 0.21031746031746032 0.2830687830687831 0.034722222222222224 0.018518518518518517
13 0.17857142857142858 0.2619047619047619 0.04861111111111111 0.1388888888888889
15 0.2976190476190476 0.21957671957671956 0.05853174603174603 0.027777777777777776
15 0.4037698412698413 0.15608465608465608 0.02976190476190476 0.07275132275132275
0 0.23214285714285715 0.2804232804232804 0.050595238095238096 0.26455026455026454
1 0.25992063492063494 0.2222222222222222 0.03571428571428571 0.26455026455026454
2 0.20238095238095238 0.2526455026455027 0.03869047619047619 0.21957671957671956
16 0.3115079365079365 0.20899470899470898 0.01984126984126984 0.021164021164021163
16 0.38293650793650796 0.15343915343915343 0.027777777777777776 0.037037037037037035
16 0.4226190476190476 0.15343915343915343 0.01488095238095238 0.0291005291005291
14 0.2400793650793651 0.19444444444444445 0.011904761904761904 0.0291005291005291
14 0.2876984126984127 0.25132275132275134 0.0248015873015873 0.031746031746031744
14 0.25496031746031744 0.28835978835978837 0.017857142857142856 0.021164021164021163
14 0.30357142857142855 0.36772486772486773 0.012896825396825396 0.041005291005291
14 0.314484126984127 0.30423280423280424 0.04563492063492063 0.05291005291005291
14 0.26091269841269843 0.30687830687830686 0.025793650793650792 0.037037037037037035
14 0.2013888888888889 0.3306878306878307 0.013888888888888888 0.015873015873015872
14 0.2113095238095238 0.30952380952380953 0.02976190476190476 0.02513227513227513
14 0.17559523809523808 0.21428571428571427 0.021825396825396824 0.04497354497354497
14 0.1765873015873016 0.24206349206349206 0.03273809523809524 0.05026455026455026
14 0.18353174603174602 0.28174603174603174 0.021825396825396824 0.0291005291005291
14 0.2113095238095238 0.2724867724867725 0.025793650793650792 0.021164021164021163