3 0.3869047619047619 0.06349206349206349 0.0882936507936508 0.12566137566137567
13 0.3630952380952381 0.20502645502645503 0.0882936507936508 0.05026455026455026
13 0.2837301587301587 0.23015873015873015 0.028769841269841268 0.07407407407407407
13 0.26785714285714285 0.29894179894179895 0.06448412698412699 0.08994708994708994
13 0.3125 0.3148148148148148 0.021825396825396824 0.01984126984126984
15 0.15476190476190477 0.36772486772486773 0.06646825396825397 0.026455026455026454
15 0.16964285714285715 0.32936507936507936 0.057539682539682536 0.06084656084656084
0 0.45436507936507936 0.2156084656084656 0.07043650793650794 0.24603174603174602
1 0.39384920634920634 0.29365079365079366 0.19642857142857142 0.1283068783068783
2 0.12797619047619047 0.2605820105820106 0.061507936507936505 0.20634920634920634
16 0.13194444444444445 0.34656084656084657 0.017857142857142856 0.026455026455026454
16 0.14285714285714285 0.31216931216931215 0.023809523809523808 0.027777777777777776
16 0.1597222222222222 0.28835978835978837 0.03373015873015873 0.026455026455026454
14 0.36904761904761907 0.3373015873015873 0.015873015873015872 0.018518518518518517
14 0.34523809523809523 0.30423280423280424 0.028769841269841268 0.03571428571428571
14 0.31646825396825395 0.31613756613756616 0.017857142857142856 0.0291005291005291
14 0.2718253968253968 0.2566137566137566 0.04662698412698413 0.042328042328042326
14 0.29365079365079366 0.291005291005291 0.015873015873015872 0.03042328042328042
14 0.2698412698412698 0.34523809523809523 0.03273809523809524 0.042328042328042326
14 0.3353174603174603 0.24074074074074073 0.030753968253968252 0.026455026455026454
14 0.32043650793650796 0.19576719576719576 0.03373015873015873 0.05291005291005291