3 0.3948412698412698 0.07936507936507936 0.0882936507936508 0.12169312169312169
13 0.2400793650793651 0.2804232804232804 0.034722222222222224 0.01984126984126984
13 0.2509920634920635 0.25925925925925924 0.03373015873015873 0.021164021164021163
13 0.28075396825396826 0.22486772486772486 0.057539682539682536 0.03835978835978836
13 0.26091269841269843 0.3306878306878307 0.05357142857142857 0.07671957671957672
13 0.314484126984127 0.3373015873015873 0.06547619047619048 0.06084656084656084
13 0.32341269841269843 0.37566137566137564 0.01984126984126984 0.047619047619047616
15 0.14682539682539683 0.3002645502645503 0.03968253968253968 0.06613756613756613
15 0.1736111111111111 0.16137566137566137 0.05357142857142857 0.041005291005291
0 0.4503968253968254 0.2222222222222222 0.03869047619047619 0.2328042328042328
1 0.36607142857142855 0.3134920634920635 0.1884920634920635 0.082010582010582
2 0.16468253968253968 0.3386243386243386 0.0882936507936508 0.1626984126984127
16 0.19246031746031747 0.18783068783068782 0.01984126984126984 0.022486772486772486
16 0.19345238095238096 0.1349206349206349 0.021825396825396824 0.041005291005291
16 0.1736111111111111 0.13227513227513227 0.01984126984126984 0.022486772486772486
14 0.33630952380952384 0.2208994708994709 0.025793650793650792 0.03968253968253968
14 0.2728174603174603 0.22486772486772486 0.04365079365079365 0.08994708994708994
14 0.25396825396825395 0.3505291005291005 0.015873015873015872 0.0291005291005291
14 0.25595238095238093 0.30423280423280424 0.01984126984126984 0.021164021164021163
14 0.30158730158730157 0.3134920634920635 0.01984126984126984 0.013227513227513227
14 0.35912698412698413 0.30687830687830686 0.034722222222222224 0.04365079365079365