3 0.4027777777777778 0.10714285714285714 0.09821428571428571 0.1402116402116402
13 0.2857142857142857 0.291005291005291 0.12698412698412698 0.08465608465608465
13 0.30456349206349204 0.23412698412698413 0.021825396825396824 0.06084656084656084
15 0.09226190476190477 0.14285714285714285 0.021825396825396824 0.07539682539682539
15 0.11904761904761904 0.15873015873015872 0.040674603174603176 0.06746031746031746
0 0.10714285714285714 0.3425925925925926 0.10714285714285714 0.23544973544973544
1 0.26884920634920634 0.39021164021164023 0.16468253968253968 0.18253968253968253
2 0.16468253968253968 0.0992063492063492 0.1349206349206349 0.05026455026455026
16 0.10615079365079365 0.11375661375661375 0.017857142857142856 0.021164021164021163
16 0.12896825396825398 0.12433862433862433 0.020833333333333332 0.027777777777777776
16 0.14682539682539683 0.14285714285714285 0.01984126984126984 0.041005291005291
14 0.31845238095238093 0.3611111111111111 0.017857142857142856 0.018518518518518517
14 0.22123015873015872 0.29894179894179895 0.017857142857142856 0.015873015873015872
14 0.24206349206349206 0.32275132275132273 0.03968253968253968 0.027777777777777776
14 0.30357142857142855 0.32275132275132273 0.044642857142857144 0.046296296296296294
14 0.2757936507936508 0.3148148148148148 0.015873015873015872 0.03042328042328042
14 0.2698412698412698 0.2275132275132275 0.03670634920634921 0.047619047619047616