3 0.10515873015873016 0.11507936507936507 0.09226190476190477 0.11904761904761904
13 0.25992063492063494 0.30952380952380953 0.031746031746031744 0.13756613756613756
13 0.2222222222222222 0.3439153439153439 0.015873015873015872 0.05423280423280423
13 0.1736111111111111 0.2619047619047619 0.06547619047619048 0.12566137566137567
15 0.2698412698412698 0.2208994708994709 0.0625 0.026455026455026454
15 0.39186507936507936 0.1455026455026455 0.02976190476190476 0.07804232804232804
0 0.20634920634920634 0.2804232804232804 0.04365079365079365 0.24338624338624337
1 0.23511904761904762 0.22486772486772486 0.037698412698412696 0.24735449735449735
2 0.18055555555555555 0.2552910052910053 0.03571428571428571 0.1984126984126984
16 0.2876984126984127 0.20899470899470898 0.01984126984126984 0.021164021164021163
16 0.36706349206349204 0.1455026455026455 0.027777777777777776 0.037037037037037035
16 0.4146825396825397 0.14285714285714285 0.018849206349206348 0.03042328042328042
14 0.21825396825396826 0.20105820105820105 0.011904761904761904 0.026455026455026454
14 0.26587301587301587 0.24603174603174602 0.0248015873015873 0.027777777777777776
14 0.2906746031746032 0.3029100529100529 0.04365079365079365 0.05555555555555555
14 0.2767857142857143 0.3637566137566138 0.013888888888888888 0.03968253968253968
14 0.23809523809523808 0.30687830687830686 0.030753968253968252 0.03042328042328042
14 0.23214285714285715 0.2843915343915344 0.01488095238095238 0.018518518518518517
14 0.18154761904761904 0.3253968253968254 0.017857142857142856 0.017195767195767195
14 0.19047619047619047 0.30687830687830686 0.026785714285714284 0.02513227513227513
14 0.18948412698412698 0.27380952380952384 0.02976190476190476 0.023809523809523808
14 0.1626984126984127 0.2843915343915344 0.01984126984126984 0.023809523809523808
14 0.1626984126984127 0.23544973544973544 0.044642857142857144 0.06349206349206349