3 0.12698412698412698 0.3306878306878307 0.09821428571428571 0.1164021164021164
13 0.251984126984127 0.24867724867724866 0.06349206349206349 0.10449735449735449
13 0.2996031746031746 0.34523809523809523 0.034722222222222224 0.09788359788359788
13 0.2718253968253968 0.328042328042328 0.027777777777777776 0.04365079365079365
13 0.3194444444444444 0.2777777777777778 0.028769841269841268 0.08068783068783068
15 0.1597222222222222 0.1984126984126984 0.06547619047619048 0.017195767195767195
15 0.15476190476190477 0.15608465608465608 0.05952380952380952 0.046296296296296294
0 0.2619047619047619 0.328042328042328 0.14285714285714285 0.20238095238095238
1 0.39186507936507936 0.2976190476190476 0.13690476190476192 0.21693121693121692
2 0.2698412698412698 0.27645502645502645 0.1111111111111111 0.16137566137566137
16 0.18055555555555555 0.18121693121693122 0.018849206349206348 0.023809523809523808
16 0.15873015873015872 0.12566137566137567 0.022817460317460316 0.026455026455026454
16 0.13690476190476192 0.17592592592592593 0.028769841269841268 0.03439153439153439
14 0.3482142857142857 0.3148148148148148 0.061507936507936505 0.047619047619047616
14 0.3373015873015873 0.2037037037037037 0.03273809523809524 0.03306878306878307
14 0.33035714285714285 0.22883597883597884 0.021825396825396824 0.018518518518518517
14 0.2728174603174603 0.1917989417989418 0.02976190476190476 0.031746031746031744
14 0.24305555555555555 0.21164021164021163 0.021825396825396824 0.01455026455026455
14 0.2728174603174603 0.2156084656084656 0.037698412698412696 0.023809523809523808
14 0.25793650793650796 0.25132275132275134 0.054563492063492064 0.031746031746031744
14 0.251984126984127 0.2896825396825397 0.022817460317460316 0.03439153439153439
14 0.23809523809523808 0.29894179894179895 0.015873015873015872 0.011904761904761904