3 0.10416666666666667 0.1164021164021164 0.09722222222222222 0.12301587301587301
13 0.27380952380952384 0.35185185185185186 0.047619047619047616 0.08465608465608465
13 0.26884920634920634 0.2804232804232804 0.025793650793650792 0.05555555555555555
13 0.2847222222222222 0.25396825396825395 0.025793650793650792 0.01984126984126984
13 0.30853174603174605 0.3439153439153439 0.025793650793650792 0.031746031746031744
13 0.16468253968253968 0.31746031746031744 0.031746031746031744 0.12037037037037036
15 0.375 0.17592592592592593 0.03571428571428571 0.07407407407407407
15 0.4007936507936508 0.1574074074074074 0.031746031746031744 0.07936507936507936
0 0.2123015873015873 0.31746031746031744 0.09226190476190477 0.23941798941798942
1 0.2251984126984127 0.23412698412698413 0.07341269841269842 0.2037037037037037
2 0.18253968253968253 0.30158730158730157 0.06746031746031746 0.1970899470899471
16 0.39285714285714285 0.19576719576719576 0.016865079365079364 0.02513227513227513
16 0.4236111111111111 0.14947089947089948 0.017857142857142856 0.0291005291005291
16 0.37896825396825395 0.1455026455026455 0.027777777777777776 0.03571428571428571
14 0.3055555555555556 0.3492063492063492 0.03571428571428571 0.10978835978835978
14 0.29662698412698413 0.26455026455026454 0.017857142857142856 0.01455026455026455
14 0.26686507936507936 0.2619047619047619 0.03373015873015873 0.022486772486772486
14 0.20833333333333334 0.2328042328042328 0.01488095238095238 0.022486772486772486
14 0.1527777777777778 0.291005291005291 0.028769841269841268 0.07407407407407407
14 0.18253968253968253 0.32936507936507936 0.047619047619047616 0.04497354497354497
14 0.2003968253968254 0.3544973544973545 0.027777777777777776 0.021164021164021163
14 0.19543650793650794 0.37566137566137564 0.017857142857142856 0.015873015873015872
14 0.25 0.335978835978836 0.022817460317460316 0.03835978835978836
14 0.2390873015873016 0.31746031746031744 0.013888888888888888 0.01984126984126984