3 0.10912698412698413 0.3386243386243386 0.1001984126984127 0.12698412698412698
0 0.2976190476190476 0.09523809523809523 0.20337301587301587 0.046296296296296294
1 0.373015873015873 0.22486772486772486 0.15773809523809523 0.08068783068783068
5 0.2718253968253968 0.2566137566137566 0.0873015873015873 0.06481481481481481
17 0.2400793650793651 0.1349206349206349 0.05952380952380952 0.047619047619047616
17 0.27976190476190477 0.12169312169312169 0.01984126984126984 0.042328042328042326
17 0.23015873015873015 0.19576719576719576 0.047619047619047616 0.022486772486772486
17 0.20833333333333334 0.21825396825396826 0.022817460317460316 0.023809523809523808
17 0.2628968253968254 0.20105820105820105 0.017857142857142856 0.03571428571428571
18 0.3402777777777778 0.15608465608465608 0.017857142857142856 0.01455026455026455
18 0.32837301587301587 0.16534391534391535 0.013888888888888888 0.021164021164021163
18 0.31547619047619047 0.17063492063492064 0.011904761904761904 0.015873015873015872