3 0.10416666666666667 0.376984126984127 0.10119047619047619 0.11904761904761904
0 0.2976190476190476 0.12962962962962962 0.19444444444444445 0.05291005291005291
1 0.36706349206349204 0.26455026455026454 0.15575396825396826 0.08597883597883597
5 0.26587301587301587 0.291005291005291 0.07142857142857142 0.06746031746031746
17 0.2400793650793651 0.1693121693121693 0.06349206349206349 0.042328042328042326
17 0.27976190476190477 0.16137566137566137 0.01488095238095238 0.042328042328042326
17 0.2251984126984127 0.2328042328042328 0.025793650793650792 0.031746031746031744
17 0.23015873015873015 0.1984126984126984 0.01488095238095238 0.041005291005291
17 0.30158730158730157 0.17195767195767195 0.026785714285714284 0.037037037037037035
17 0.2509920634920635 0.23544973544973544 0.023809523809523808 0.03835978835978836
18 0.3373015873015873 0.1984126984126984 0.016865079365079364 0.01984126984126984
18 0.3253968253968254 0.2037037037037037 0.012896825396825396 0.017195767195767195
18 0.31547619047619047 0.21296296296296297 0.011904761904761904 0.021164021164021163
18 0.2777777777777778 0.24074074074074073 0.012896825396825396 0.017195767195767195
18 0.2648809523809524 0.25925925925925924 0.013888888888888888 0.015873015873015872