3 0.08928571428571429 0.16137566137566137 0.10615079365079365 0.11507936507936507
0 0.27380952380952384 0.15343915343915343 0.2013888888888889 0.05291005291005291
1 0.3353174603174603 0.21825396825396826 0.1974206349206349 0.11904761904761904
5 0.2261904761904762 0.3029100529100529 0.06349206349206349 0.05026455026455026
5 0.25595238095238093 0.25925925925925924 0.03273809523809524 0.03306878306878307
17 0.1765873015873016 0.23015873015873015 0.0248015873015873 0.056878306878306875
17 0.21031746031746032 0.25396825396825395 0.05257936507936508 0.037037037037037035
17 0.1884920634920635 0.30423280423280424 0.016865079365079364 0.05026455026455026
17 0.2251984126984127 0.34523809523809523 0.017857142857142856 0.04497354497354497
17 0.25396825396825395 0.3439153439153439 0.01488095238095238 0.04894179894179894
17 0.2976190476190476 0.2962962962962963 0.03869047619047619 0.026455026455026454
17 0.3055555555555556 0.2566137566137566 0.04662698412698413 0.026455026455026454
18 0.2757936507936508 0.3187830687830688 0.015873015873015872 0.023809523809523808
18 0.30357142857142855 0.21164021164021163 0.01488095238095238 0.01455026455026455
18 0.16468253968253968 0.24074074074074073 0.01488095238095238 0.015873015873015872
18 0.251984126984127 0.2843915343915344 0.010912698412698412 0.018518518518518517
18 0.2003968253968254 0.18518518518518517 0.01488095238095238 0.021164021164021163