3 0.10515873015873016 0.37962962962962965 0.10714285714285714 0.11904761904761904
0 0.29563492063492064 0.1402116402116402 0.19345238095238096 0.05423280423280423
1 0.36904761904761907 0.27380952380952384 0.15873015873015872 0.09788359788359788
5 0.26785714285714285 0.30158730158730157 0.07539682539682539 0.06746031746031746
17 0.21726190476190477 0.24735449735449735 0.037698412698412696 0.047619047619047616
17 0.23115079365079366 0.19444444444444445 0.025793650793650792 0.05026455026455026
17 0.25793650793650796 0.18386243386243387 0.018849206349206348 0.0291005291005291
17 0.30158730158730157 0.18253968253968253 0.023809523809523808 0.02513227513227513
17 0.27976190476190477 0.17328042328042328 0.015873015873015872 0.04497354497354497
17 0.3244047619047619 0.18253968253968253 0.01984126984126984 0.03042328042328042
17 0.25 0.2447089947089947 0.03273809523809524 0.03968253968253968
18 0.3392857142857143 0.20502645502645503 0.018849206349206348 0.013227513227513227
18 0.32936507936507936 0.2156084656084656 0.015873015873015872 0.015873015873015872
18 0.31646825396825395 0.21957671957671956 0.021825396825396824 0.015873015873015872
18 0.26884920634920634 0.2698412698412698 0.013888888888888888 0.01455026455026455
18 0.2123015873015873 0.24603174603174602 0.01488095238095238 0.01455026455026455