3 0.08234126984126984 0.16137566137566137 0.10515873015873016 0.10978835978835978
0 0.2648809523809524 0.15873015873015872 0.20436507936507936 0.041005291005291
1 0.3263888888888889 0.24735449735449735 0.16468253968253968 0.1402116402116402
5 0.21726190476190477 0.30423280423280424 0.061507936507936505 0.05423280423280423
5 0.2361111111111111 0.25396825396825395 0.06448412698412699 0.037037037037037035
17 0.1775793650793651 0.23412698412698413 0.021825396825396824 0.06084656084656084
17 0.22718253968253968 0.19576719576719576 0.021825396825396824 0.03571428571428571
17 0.2857142857142857 0.30423280423280424 0.030753968253968252 0.03306878306878307
17 0.18055555555555555 0.30687830687830686 0.01488095238095238 0.05291005291005291
18 0.30853174603174605 0.21428571428571427 0.013888888888888888 0.015873015873015872
18 0.16071428571428573 0.23809523809523808 0.010912698412698412 0.01984126984126984
18 0.2638888888888889 0.32275132275132273 0.012896825396825396 0.01984126984126984