3 0.11706349206349206 0.21296296296296297 0.10119047619047619 0.12433862433862433
0 0.31746031746031744 0.20105820105820105 0.20734126984126985 0.051587301587301584
1 0.3531746031746032 0.32407407407407407 0.14285714285714285 0.1931216931216931
5 0.25892857142857145 0.37566137566137564 0.06746031746031746 0.037037037037037035
5 0.26091269841269843 0.2896825396825397 0.0496031746031746 0.06878306878306878
17 0.23412698412698413 0.23544973544973544 0.08234126984126984 0.026455026455026454
17 0.30654761904761907 0.2156084656084656 0.03373015873015873 0.023809523809523808
17 0.23115079365079366 0.335978835978836 0.037698412698412696 0.037037037037037035
17 0.29662698412698413 0.328042328042328 0.021825396825396824 0.042328042328042326
17 0.2757936507936508 0.4113756613756614 0.01984126984126984 0.05026455026455026
18 0.3531746031746032 0.2605820105820106 0.015873015873015872 0.021164021164021163
18 0.3412698412698413 0.2671957671957672 0.015873015873015872 0.021164021164021163
18 0.3055555555555556 0.28174603174603174 0.01488095238095238 0.018518518518518517
18 0.21825396825396826 0.25396825396825395 0.011904761904761904 0.015873015873015872
18 0.26091269841269843 0.29894179894179895 0.011904761904761904 0.022486772486772486
18 0.30753968253968256 0.23412698412698413 0.012896825396825396 0.013227513227513227