3 0.1130952380952381 0.11904761904761904 0.09424603174603174 0.13756613756613756
0 0.2896825396825397 0.15608465608465608 0.1875 0.07407407407407407
1 0.3353174603174603 0.25793650793650796 0.14781746031746032 0.15079365079365079
5 0.2361111111111111 0.3002645502645503 0.06448412698412699 0.06084656084656084
5 0.2619047619047619 0.25132275132275134 0.060515873015873016 0.04365079365079365
17 0.20238095238095238 0.21957671957671956 0.028769841269841268 0.06746031746031746
17 0.3005952380952381 0.30952380952380953 0.02976190476190476 0.027777777777777776
17 0.23412698412698413 0.34523809523809523 0.021825396825396824 0.05555555555555555
17 0.19940476190476192 0.29894179894179895 0.017857142857142856 0.0582010582010582
17 0.18253968253968253 0.1984126984126984 0.037698412698412696 0.03042328042328042
17 0.2728174603174603 0.17724867724867724 0.037698412698412696 0.026455026455026454
18 0.2777777777777778 0.32671957671957674 0.015873015873015872 0.023809523809523808
18 0.26587301587301587 0.26455026455026454 0.010912698412698412 0.017195767195767195
18 0.3244047619047619 0.2275132275132275 0.00992063492063492 0.015873015873015872