3 0.0882936507936508 0.40476190476190477 0.10912698412698413 0.12433862433862433
0 0.28174603174603174 0.15343915343915343 0.19444444444444445 0.04365079365079365
1 0.3353174603174603 0.22486772486772486 0.17559523809523808 0.12169312169312169
5 0.24503968253968253 0.31216931216931215 0.06547619047619048 0.062169312169312166
5 0.2718253968253968 0.2791005291005291 0.06746031746031746 0.04497354497354497
17 0.18353174603174602 0.29894179894179895 0.057539682539682536 0.10449735449735449
17 0.21428571428571427 0.20238095238095238 0.04265873015873016 0.03968253968253968
17 0.24801587301587302 0.37037037037037035 0.022817460317460316 0.06084656084656084
17 0.25793650793650796 0.20899470899470898 0.01984126984126984 0.04894179894179894
17 0.2251984126984127 0.24206349206349206 0.037698412698412696 0.023809523809523808
17 0.2261904761904762 0.26587301587301587 0.022817460317460316 0.0291005291005291
18 0.314484126984127 0.22486772486772486 0.017857142857142856 0.01984126984126984
18 0.21726190476190477 0.328042328042328 0.013888888888888888 0.026455026455026454
18 0.31845238095238093 0.18253968253968253 0.013888888888888888 0.01455026455026455