3 0.08134920634920635 0.15873015873015872 0.10218253968253968 0.10714285714285714
0 0.2619047619047619 0.1574074074074074 0.19146825396825398 0.04497354497354497
1 0.30357142857142855 0.27645502645502645 0.1388888888888889 0.18253968253968253
5 0.2113095238095238 0.24338624338624337 0.04563492063492063 0.06349206349206349
5 0.2123015873015873 0.32671957671957674 0.06746031746031746 0.03968253968253968
17 0.22817460317460317 0.35978835978835977 0.01984126984126984 0.04365079365079365
17 0.1884920634920635 0.19444444444444445 0.07936507936507936 0.018518518518518517
17 0.25595238095238093 0.17195767195767195 0.03373015873015873 0.026455026455026454
17 0.2013888888888889 0.2671957671957672 0.07341269841269842 0.01455026455026455
17 0.1865079365079365 0.28703703703703703 0.03869047619047619 0.0291005291005291
18 0.2996031746031746 0.21428571428571427 0.011904761904761904 0.01984126984126984
18 0.2896825396825397 0.21957671957671956 0.012896825396825396 0.01984126984126984
18 0.25992063492063494 0.23809523809523808 0.016865079365079364 0.01984126984126984
18 0.251984126984127 0.3055555555555556 0.012896825396825396 0.015873015873015872
18 0.2123015873015873 0.25396825396825395 0.015873015873015872 0.017195767195767195