3 0.09027777777777778 0.40476190476190477 0.1130952380952381 0.13095238095238096
0 0.28174603174603174 0.14814814814814814 0.19543650793650794 0.041005291005291
1 0.3402777777777778 0.21693121693121692 0.1884920634920635 0.12566137566137567
5 0.24305555555555555 0.30952380952380953 0.06349206349206349 0.06084656084656084
5 0.26785714285714285 0.2724867724867725 0.06448412698412699 0.04365079365079365
17 0.20337301587301587 0.30158730158730157 0.021825396825396824 0.08862433862433862
17 0.1736111111111111 0.2777777777777778 0.041666666666666664 0.023809523809523808
17 0.18253968253968253 0.30687830687830686 0.026785714285714284 0.037037037037037035
17 0.2123015873015873 0.2037037037037037 0.04662698412698413 0.041005291005291
17 0.22321428571428573 0.23544973544973544 0.037698412698412696 0.03042328042328042
17 0.25396825396825395 0.20105820105820105 0.015873015873015872 0.042328042328042326
18 0.31547619047619047 0.17989417989417988 0.010912698412698412 0.017195767195767195
18 0.21825396825396826 0.328042328042328 0.008928571428571428 0.01984126984126984
18 0.3005952380952381 0.2275132275132275 0.00992063492063492 0.021164021164021163