3 0.10119047619047619 0.38095238095238093 0.10813492063492064 0.12433862433862433
0 0.29563492063492064 0.13227513227513227 0.1974206349206349 0.04894179894179894
1 0.3630952380952381 0.2671957671957672 0.14285714285714285 0.09126984126984126
5 0.2638888888888889 0.2923280423280423 0.07142857142857142 0.06613756613756613
17 0.25297619047619047 0.17592592592592593 0.08531746031746032 0.03968253968253968
17 0.2400793650793651 0.24338624338624337 0.047619047619047616 0.042328042328042326
17 0.314484126984127 0.17724867724867724 0.02976190476190476 0.031746031746031744
18 0.3333333333333333 0.1970899470899471 0.012896825396825396 0.023809523809523808
18 0.2638888888888889 0.2619047619047619 0.015873015873015872 0.015873015873015872
18 0.2748015873015873 0.24074074074074073 0.00992063492063492 0.021164021164021163
18 0.31845238095238093 0.20767195767195767 0.021825396825396824 0.018518518518518517