3 0.09325396825396826 0.3994708994708995 0.11507936507936507 0.1335978835978836
0 0.2976190476190476 0.14682539682539683 0.2013888888888889 0.05026455026455026
1 0.3333333333333333 0.2962962962962963 0.19444444444444445 0.13227513227513227
5 0.25992063492063494 0.30952380952380953 0.06349206349206349 0.07407407407407407
5 0.2698412698412698 0.2843915343915344 0.0496031746031746 0.03439153439153439
17 0.19444444444444445 0.2962962962962963 0.06646825396825397 0.12169312169312169
17 0.23313492063492064 0.1931216931216931 0.05357142857142857 0.04894179894179894
17 0.25992063492063494 0.36507936507936506 0.0248015873015873 0.05423280423280423
17 0.26884920634920634 0.19973544973544974 0.013888888888888888 0.042328042328042326
18 0.3412698412698413 0.21164021164021163 0.016865079365079364 0.021164021164021163
18 0.32936507936507936 0.21957671957671956 0.016865079365079364 0.02513227513227513