3 0.09325396825396826 0.1402116402116402 0.0992063492063492 0.11772486772486772
0 0.2896825396825397 0.14682539682539683 0.1984126984126984 0.06349206349206349
1 0.3472222222222222 0.24338624338624337 0.15773809523809523 0.15476190476190477
5 0.23313492063492064 0.291005291005291 0.061507936507936505 0.051587301587301584
5 0.25992063492063494 0.24206349206349206 0.06746031746031746 0.03968253968253968
17 0.18154761904761904 0.2037037037037037 0.03373015873015873 0.03571428571428571
17 0.23313492063492064 0.3306878306878307 0.017857142857142856 0.042328042328042326
17 0.2569444444444444 0.3333333333333333 0.013888888888888888 0.047619047619047616
17 0.3005952380952381 0.2962962962962963 0.025793650793650792 0.03042328042328042
17 0.314484126984127 0.25925925925925924 0.03571428571428571 0.027777777777777776
17 0.24702380952380953 0.18518518518518517 0.01984126984126984 0.042328042328042326
18 0.28075396825396826 0.3134920634920635 0.017857142857142856 0.018518518518518517
18 0.3273809523809524 0.21164021164021163 0.013888888888888888 0.015873015873015872
18 0.18055555555555555 0.2261904761904762 0.015873015873015872 0.018518518518518517
18 0.2648809523809524 0.25396825396825395 0.015873015873015872 0.015873015873015872
18 0.21428571428571427 0.1693121693121693 0.020833333333333332 0.021164021164021163
18 0.2757936507936508 0.28835978835978837 0.012896825396825396 0.021164021164021163