3 0.10714285714285714 0.4021164021164021 0.10615079365079365 0.13095238095238096
0 0.3005952380952381 0.14947089947089948 0.19642857142857142 0.047619047619047616
1 0.3740079365079365 0.31216931216931215 0.15674603174603174 0.0992063492063492
5 0.25297619047619047 0.3148148148148148 0.07341269841269842 0.05291005291005291
5 0.2748015873015873 0.27116402116402116 0.06944444444444445 0.05555555555555555
17 0.19345238095238096 0.1931216931216931 0.017857142857142856 0.047619047619047616
17 0.2361111111111111 0.18518518518518517 0.06746031746031746 0.026455026455026454
17 0.2976190476190476 0.16666666666666666 0.03869047619047619 0.027777777777777776
17 0.26587301587301587 0.3664021164021164 0.016865079365079364 0.05555555555555555
18 0.3055555555555556 0.2328042328042328 0.011904761904761904 0.021164021164021163
18 0.32242063492063494 0.2275132275132275 0.013888888888888888 0.021164021164021163
18 0.3333333333333333 0.2208994708994709 0.012896825396825396 0.023809523809523808
18 0.3412698412698413 0.21296296296296297 0.008928571428571428 0.018518518518518517
18 0.3402777777777778 0.17724867724867724 0.017857142857142856 0.01984126984126984
18 0.2619047619047619 0.20105820105820105 0.013888888888888888 0.021164021164021163