3 0.09226190476190477 0.10317460317460317 0.10912698412698413 0.14285714285714285
0 0.29365079365079366 0.12433862433862433 0.1974206349206349 0.04894179894179894
1 0.3462301587301587 0.25793650793650796 0.16071428571428573 0.2037037037037037
5 0.2400793650793651 0.30952380952380953 0.07142857142857142 0.04894179894179894
5 0.24107142857142858 0.21428571428571427 0.0496031746031746 0.07142857142857142
17 0.19444444444444445 0.2751322751322751 0.018849206349206348 0.056878306878306875
17 0.22916666666666666 0.164021164021164 0.057539682539682536 0.02513227513227513
17 0.2896825396825397 0.14285714285714285 0.03571428571428571 0.02513227513227513
17 0.18055555555555555 0.1693121693121693 0.01984126984126984 0.05026455026455026
17 0.21825396825396826 0.26587301587301587 0.0248015873015873 0.03439153439153439
18 0.3382936507936508 0.1917989417989418 0.017857142857142856 0.023809523809523808
18 0.2876984126984127 0.21296296296296297 0.026785714285714284 0.018518518518518517
18 0.2390873015873016 0.2261904761904762 0.01984126984126984 0.023809523809523808
18 0.2837301587301587 0.291005291005291 0.016865079365079364 0.026455026455026454