3 0.08531746031746032 0.11904761904761904 0.10317460317460317 0.13227513227513227
0 0.29365079365079366 0.12962962962962962 0.2123015873015873 0.0582010582010582
1 0.3333333333333333 0.27116402116402116 0.15476190476190477 0.20899470899470898
5 0.23412698412698413 0.22486772486772486 0.054563492063492064 0.06878306878306878
5 0.2371031746031746 0.32142857142857145 0.06944444444444445 0.04497354497354497
17 0.1875 0.2857142857142857 0.025793650793650792 0.05952380952380952
17 0.17261904761904762 0.17724867724867724 0.01984126984126984 0.0582010582010582
17 0.21825396825396826 0.1693121693121693 0.05654761904761905 0.03306878306878307
17 0.28174603174603174 0.14814814814814814 0.03571428571428571 0.027777777777777776
17 0.2728174603174603 0.2724867724867725 0.017857142857142856 0.062169312169312166
18 0.33035714285714285 0.19973544973544974 0.013888888888888888 0.023809523809523808
18 0.3194444444444444 0.20634920634920634 0.01488095238095238 0.017195767195767195
18 0.2837301587301587 0.2222222222222222 0.015873015873015872 0.021164021164021163
18 0.23214285714285715 0.23544973544973544 0.016865079365079364 0.02513227513227513