3 0.10119047619047619 0.4007936507936508 0.1001984126984127 0.11375661375661375
0 0.2896825396825397 0.16137566137566137 0.2113095238095238 0.05026455026455026
1 0.3392857142857143 0.31746031746031744 0.1498015873015873 0.09523809523809523
5 0.23015873015873015 0.31746031746031744 0.06746031746031746 0.046296296296296294
5 0.25 0.2791005291005291 0.06349206349206349 0.05026455026455026
17 0.20535714285714285 0.19047619047619047 0.07936507936507936 0.022486772486772486
17 0.20337301587301587 0.20634920634920634 0.025793650793650792 0.03306878306878307
17 0.25396825396825395 0.21428571428571427 0.020833333333333332 0.046296296296296294
17 0.2787698412698413 0.17989417989417988 0.03373015873015873 0.027777777777777776
17 0.2400793650793651 0.36507936507936506 0.020833333333333332 0.05026455026455026
18 0.32142857142857145 0.22486772486772486 0.015873015873015872 0.017195767195767195
18 0.30952380952380953 0.23015873015873015 0.01488095238095238 0.01984126984126984
18 0.2857142857142857 0.24603174603174602 0.015873015873015872 0.021164021164021163
18 0.23809523809523808 0.21296296296296297 0.008928571428571428 0.018518518518518517
18 0.1884920634920635 0.21031746031746032 0.007936507936507936 0.018518518518518517