3 0.10912698412698413 0.12962962962962962 0.09523809523809523 0.12698412698412698
0 0.2916666666666667 0.15343915343915343 0.18253968253968253 0.05291005291005291
1 0.3323412698412698 0.2791005291005291 0.13690476190476192 0.1931216931216931
5 0.24107142857142858 0.3306878306878307 0.06547619047619048 0.042328042328042326
5 0.24305555555555555 0.23677248677248677 0.0496031746031746 0.06613756613756613
17 0.1875 0.19047619047619047 0.01984126984126984 0.05555555555555555
17 0.23809523809523808 0.1917989417989418 0.04861111111111111 0.023809523809523808
17 0.28869047619047616 0.1693121693121693 0.03373015873015873 0.02513227513227513
17 0.2003968253968254 0.2962962962962963 0.01984126984126984 0.051587301587301584
17 0.2777777777777778 0.29365079365079366 0.0248015873015873 0.04365079365079365
17 0.2569444444444444 0.3611111111111111 0.015873015873015872 0.05555555555555555
18 0.31746031746031744 0.2222222222222222 0.01488095238095238 0.015873015873015872
18 0.3273809523809524 0.21428571428571427 0.011904761904761904 0.015873015873015872
18 0.2896825396825397 0.23677248677248677 0.018849206349206348 0.018518518518518517
18 0.24305555555555555 0.24867724867724866 0.013888888888888888 0.01455026455026455