3 0.09623015873015874 0.13095238095238096 0.10119047619047619 0.12433862433862433
0 0.2916666666666667 0.13756613756613756 0.20238095238095238 0.051587301587301584
1 0.33630952380952384 0.2724867724867725 0.1527777777777778 0.19973544973544974
5 0.23809523809523808 0.3253968253968254 0.07142857142857142 0.037037037037037035
5 0.23809523809523808 0.23148148148148148 0.051587301587301584 0.07142857142857142
17 0.19642857142857142 0.294973544973545 0.01984126984126984 0.05555555555555555
17 0.21031746031746032 0.1746031746031746 0.0882936507936508 0.031746031746031744
17 0.2857142857142857 0.15873015873015872 0.04265873015873016 0.02513227513227513
17 0.27380952380952384 0.28174603174603174 0.028769841269841268 0.05555555555555555
18 0.28869047619047616 0.2275132275132275 0.021825396825396824 0.022486772486772486
18 0.32142857142857145 0.21164021164021163 0.015873015873015872 0.021164021164021163
18 0.3323412698412698 0.2037037037037037 0.00992063492063492 0.022486772486772486