3 0.09027777777777778 0.4074074074074074 0.11507936507936507 0.1388888888888889
0 0.29563492063492064 0.1455026455026455 0.20436507936507936 0.05952380952380952
1 0.32936507936507936 0.30158730158730157 0.19047619047619047 0.13227513227513227
5 0.25396825396825395 0.3148148148148148 0.05952380952380952 0.06349206349206349
5 0.2698412698412698 0.28703703703703703 0.050595238095238096 0.03439153439153439
17 0.19444444444444445 0.291005291005291 0.01984126984126984 0.07804232804232804
17 0.22420634920634921 0.20105820105820105 0.05952380952380952 0.041005291005291
17 0.2152777777777778 0.31746031746031744 0.021825396825396824 0.09391534391534391
17 0.16567460317460317 0.2777777777777778 0.021825396825396824 0.03571428571428571
18 0.3373015873015873 0.2156084656084656 0.013888888888888888 0.021164021164021163
18 0.3273809523809524 0.22354497354497355 0.016865079365079364 0.023809523809523808
18 0.2748015873015873 0.20899470899470898 0.013888888888888888 0.017195767195767195