3 0.09325396825396826 0.11904761904761904 0.10813492063492064 0.14417989417989419
0 0.30654761904761907 0.13227513227513227 0.22023809523809523 0.05291005291005291
1 0.36706349206349204 0.23544973544973544 0.1884920634920635 0.15873015873015872
5 0.24702380952380953 0.2962962962962963 0.07341269841269842 0.0582010582010582
5 0.2698412698412698 0.24206349206349206 0.06746031746031746 0.04497354497354497
17 0.1984126984126984 0.21164021164021163 0.016865079365079364 0.07275132275132275
17 0.24503968253968253 0.3412698412698413 0.017857142857142856 0.047619047619047616
17 0.27380952380952384 0.3478835978835979 0.026785714285714284 0.05555555555555555
17 0.32242063492063494 0.29894179894179895 0.02976190476190476 0.031746031746031744
17 0.25992063492063494 0.18253968253968253 0.025793650793650792 0.06481481481481481
17 0.2857142857142857 0.15343915343915343 0.027777777777777776 0.026455026455026454
18 0.35119047619047616 0.2037037037037037 0.012896825396825396 0.01455026455026455
18 0.2996031746031746 0.3201058201058201 0.01488095238095238 0.022486772486772486