3 0.11904761904761904 0.10449735449735449 0.0992063492063492 0.1455026455026455
0 0.3115079365079365 0.13624338624338625 0.19940476190476192 0.05555555555555555
1 0.3611111111111111 0.21693121693121692 0.17559523809523808 0.13227513227513227
5 0.25892857142857145 0.28835978835978837 0.06547619047619048 0.0582010582010582
5 0.2926587301587302 0.25396825396825395 0.02976190476190476 0.03306878306878307
17 0.20238095238095238 0.18783068783068782 0.04662698412698413 0.037037037037037035
17 0.2222222222222222 0.2261904761904762 0.040674603174603176 0.05026455026455026
17 0.2619047619047619 0.24338624338624337 0.028769841269841268 0.042328042328042326
17 0.2648809523809524 0.13756613756613756 0.013888888888888888 0.03835978835978836
17 0.25793650793650796 0.335978835978836 0.01984126984126984 0.047619047619047616
17 0.2847222222222222 0.335978835978836 0.015873015873015872 0.04894179894179894
18 0.30753968253968256 0.31216931216931215 0.018849206349206348 0.01984126984126984
18 0.23809523809523808 0.16137566137566137 0.01984126984126984 0.026455026455026454
18 0.20634920634920634 0.2962962962962963 0.016865079365079364 0.026455026455026454
18 0.19642857142857142 0.21428571428571427 0.010912698412698412 0.021164021164021163