3 0.11408730158730158 0.10714285714285714 0.09722222222222222 0.11904761904761904
0 0.30456349206349204 0.11904761904761904 0.19246031746031747 0.042328042328042326
1 0.35714285714285715 0.19047619047619047 0.17956349206349206 0.12698412698412698
5 0.25496031746031744 0.2671957671957672 0.06547619047619048 0.0582010582010582
5 0.2896825396825397 0.2328042328042328 0.03273809523809524 0.047619047619047616
17 0.19940476190476192 0.17195767195767195 0.04563492063492063 0.042328042328042326
17 0.23115079365079366 0.21296296296296297 0.06944444444444445 0.05026455026455026
17 0.21626984126984128 0.26851851851851855 0.016865079365079364 0.05026455026455026
17 0.251984126984127 0.31084656084656087 0.020833333333333332 0.03968253968253968
17 0.2777777777777778 0.30952380952380953 0.01984126984126984 0.04894179894179894
18 0.2996031746031746 0.2857142857142857 0.015873015873015872 0.026455026455026454
18 0.33134920634920634 0.23941798941798942 0.01488095238095238 0.018518518518518517
18 0.23214285714285715 0.14814814814814814 0.020833333333333332 0.015873015873015872
18 0.23115079365079366 0.15079365079365079 0.017857142857142856 0.021164021164021163