3 0.10515873015873016 0.12169312169312169 0.10317460317460317 0.14153439153439154
0 0.30158730158730157 0.13624338624338625 0.2013888888888889 0.05026455026455026
1 0.37103174603174605 0.20899470899470898 0.2113095238095238 0.13227513227513227
5 0.251984126984127 0.291005291005291 0.07242063492063493 0.06349206349206349
5 0.2847222222222222 0.25396825396825395 0.037698412698412696 0.03835978835978836
17 0.1974206349206349 0.21428571428571427 0.015873015873015872 0.07407407407407407
17 0.21825396825396826 0.24074074074074073 0.022817460317460316 0.041005291005291
17 0.251984126984127 0.24338624338624337 0.027777777777777776 0.042328042328042326
17 0.24801587301587302 0.3386243386243386 0.020833333333333332 0.05423280423280423
17 0.3353174603174603 0.24603174603174602 0.040674603174603176 0.021164021164021163
17 0.20833333333333334 0.28835978835978837 0.015873015873015872 0.05291005291005291
18 0.3005952380952381 0.3134920634920635 0.017857142857142856 0.023809523809523808
18 0.3333333333333333 0.2619047619047619 0.015873015873015872 0.021164021164021163
18 0.33134920634920634 0.20899470899470898 0.015873015873015872 0.017195767195767195
18 0.34523809523809523 0.23544973544973544 0.021825396825396824 0.021164021164021163
18 0.22817460317460317 0.1693121693121693 0.01488095238095238 0.021164021164021163
18 0.3382936507936508 0.16666666666666666 0.005952380952380952 0.011904761904761904