3 0.10317460317460317 0.12169312169312169 0.09523809523809523 0.1335978835978836
0 0.2896825396825397 0.1388888888888889 0.19047619047619047 0.05026455026455026
1 0.3373015873015873 0.27116402116402116 0.15376984126984128 0.1931216931216931
5 0.2361111111111111 0.3201058201058201 0.06944444444444445 0.031746031746031744
5 0.2400793650793651 0.22883597883597884 0.050595238095238096 0.06084656084656084
17 0.18353174603174602 0.17989417989417988 0.017857142857142856 0.04365079365079365
17 0.23412698412698413 0.17724867724867724 0.04662698412698413 0.03439153439153439
17 0.20833333333333334 0.2751322751322751 0.04662698412698413 0.026455026455026454
17 0.25496031746031744 0.3531746031746032 0.017857142857142856 0.05026455026455026
17 0.2857142857142857 0.15873015873015872 0.03571428571428571 0.021164021164021163
18 0.33134920634920634 0.2037037037037037 0.015873015873015872 0.017195767195767195
18 0.32142857142857145 0.21031746031746032 0.015873015873015872 0.018518518518518517
18 0.2876984126984127 0.22486772486772486 0.022817460317460316 0.021164021164021163
18 0.27976190476190477 0.294973544973545 0.017857142857142856 0.023809523809523808
18 0.2390873015873016 0.23677248677248677 0.013888888888888888 0.018518518518518517
18 0.28869047619047616 0.17989417989417988 0.00992063492063492 0.015873015873015872