3 0.14384920634920634 0.40343915343915343 0.09722222222222222 0.12962962962962962
0 0.32142857142857145 0.15873015873015872 0.18551587301587302 0.05291005291005291
1 0.376984126984127 0.3082010582010582 0.1349206349206349 0.0873015873015873
5 0.2708333333333333 0.3201058201058201 0.07341269841269842 0.05423280423280423
5 0.28869047619047616 0.2777777777777778 0.061507936507936505 0.047619047619047616
17 0.24206349206349206 0.1970899470899471 0.06845238095238096 0.05026455026455026
17 0.3134920634920635 0.17989417989417988 0.030753968253968252 0.027777777777777776
17 0.28174603174603174 0.36507936507936506 0.0248015873015873 0.05291005291005291
18 0.35119047619047616 0.22354497354497355 0.01488095238095238 0.018518518518518517
18 0.3412698412698413 0.22883597883597884 0.012896825396825396 0.018518518518518517
18 0.3194444444444444 0.24338624338624337 0.015873015873015872 0.022486772486772486