3 0.09126984126984126 0.12962962962962962 0.10218253968253968 0.1283068783068783
0 0.2857142857142857 0.13756613756613756 0.1984126984126984 0.05291005291005291
1 0.3373015873015873 0.2698412698412698 0.1636904761904762 0.20238095238095238
5 0.2361111111111111 0.23015873015873015 0.05257936507936508 0.06878306878306878
5 0.2390873015873016 0.3253968253968254 0.07341269841269842 0.047619047619047616
17 0.251984126984127 0.3637566137566138 0.023809523809523808 0.06084656084656084
17 0.2748015873015873 0.2791005291005291 0.021825396825396824 0.05026455026455026
17 0.1765873015873016 0.18121693121693122 0.01984126984126984 0.04497354497354497
17 0.22023809523809523 0.17724867724867724 0.06349206349206349 0.026455026455026454
17 0.19047619047619047 0.28835978835978837 0.023809523809523808 0.05291005291005291
18 0.2847222222222222 0.2275132275132275 0.021825396825396824 0.022486772486772486
18 0.3194444444444444 0.21296296296296297 0.013888888888888888 0.023809523809523808
18 0.3273809523809524 0.2037037037037037 0.01488095238095238 0.021164021164021163
18 0.3253968253968254 0.1693121693121693 0.01488095238095238 0.022486772486772486
18 0.2857142857142857 0.17989417989417988 0.01488095238095238 0.017195767195767195
18 0.23511904761904762 0.24074074074074073 0.013888888888888888 0.021164021164021163