3 0.1130952380952381 0.39285714285714285 0.10714285714285714 0.12962962962962962
0 0.29563492063492064 0.14417989417989419 0.1875 0.04497354497354497
1 0.36607142857142855 0.2962962962962963 0.15476190476190477 0.08465608465608465
5 0.25 0.31084656084656087 0.07242063492063493 0.05026455026455026
5 0.26686507936507936 0.2619047619047619 0.061507936507936505 0.05291005291005291
17 0.22420634920634921 0.17857142857142858 0.09523809523809523 0.018518518518518517
17 0.2400793650793651 0.1970899470899471 0.025793650793650792 0.03968253968253968
17 0.2638888888888889 0.3558201058201058 0.022817460317460316 0.05555555555555555
17 0.2896825396825397 0.16137566137566137 0.030753968253968252 0.026455026455026454
17 0.2013888888888889 0.1984126984126984 0.04563492063492063 0.03042328042328042
17 0.2718253968253968 0.2037037037037037 0.025793650793650792 0.041005291005291
18 0.30456349206349204 0.2275132275132275 0.021825396825396824 0.026455026455026454
18 0.3382936507936508 0.20634920634920634 0.021825396825396824 0.01455026455026455
18 0.3273809523809524 0.21428571428571427 0.012896825396825396 0.01455026455026455
18 0.25396825396825395 0.19576719576719576 0.011904761904761904 0.021164021164021163
18 0.20833333333333334 0.19973544973544974 0.007936507936507936 0.018518518518518517