3 0.09722222222222222 0.15873015873015872 0.10615079365079365 0.12698412698412698
0 0.2996031746031746 0.16534391534391535 0.20238095238095238 0.04497354497354497
1 0.3472222222222222 0.30423280423280424 0.15476190476190477 0.20634920634920634
5 0.24603174603174602 0.2619047619047619 0.05555555555555555 0.0701058201058201
5 0.24404761904761904 0.3544973544973545 0.07043650793650794 0.047619047619047616
17 0.21924603174603174 0.20634920634920634 0.08531746031746032 0.03042328042328042
17 0.21031746031746032 0.3253968253968254 0.044642857142857144 0.062169312169312166
17 0.2619047619047619 0.3955026455026455 0.016865079365079364 0.05555555555555555
18 0.3412698412698413 0.23544973544973544 0.01488095238095238 0.017195767195767195
18 0.3273809523809524 0.24074074074074073 0.012896825396825396 0.021164021164021163
18 0.3323412698412698 0.1970899470899471 0.00992063492063492 0.018518518518518517
18 0.29365079365079366 0.2552910052910053 0.015873015873015872 0.015873015873015872
18 0.24206349206349206 0.2724867724867725 0.012896825396825396 0.015873015873015872