3 0.09523809523809523 0.4074074074074074 0.11904761904761904 0.10978835978835978
0 0.2847222222222222 0.1693121693121693 0.19246031746031747 0.041005291005291
1 0.3551587301587302 0.328042328042328 0.1626984126984127 0.0992063492063492
5 0.23511904761904762 0.3306878306878307 0.07142857142857142 0.04894179894179894
5 0.251984126984127 0.2857142857142857 0.05952380952380952 0.05423280423280423
17 0.20337301587301587 0.21031746031746032 0.06944444444444445 0.03968253968253968
17 0.25793650793650796 0.21296296296296297 0.031746031746031744 0.04497354497354497
17 0.27976190476190477 0.18518518518518517 0.028769841269841268 0.026455026455026454
17 0.24603174603174602 0.3783068783068783 0.020833333333333332 0.056878306878306875
18 0.3253968253968254 0.2275132275132275 0.01488095238095238 0.022486772486772486
18 0.31547619047619047 0.23809523809523808 0.01984126984126984 0.01984126984126984
18 0.2857142857142857 0.24867724867724866 0.011904761904761904 0.015873015873015872
18 0.24305555555555555 0.21957671957671956 0.00992063492063492 0.015873015873015872
18 0.19246031746031747 0.22354497354497355 0.010912698412698412 0.018518518518518517
18 0.2638888888888889 0.2328042328042328 0.020833333333333332 0.011904761904761904