3 0.1130952380952381 0.12698412698412698 0.09523809523809523 0.12962962962962962
0 0.30257936507936506 0.14417989417989419 0.19444444444444445 0.04497354497354497
1 0.35912698412698413 0.21296296296296297 0.1875 0.11904761904761904
5 0.24801587301587302 0.29365079365079366 0.06646825396825397 0.05952380952380952
5 0.2867063492063492 0.25396825396825395 0.03373015873015873 0.042328042328042326
17 0.20436507936507936 0.21164021164021163 0.022817460317460316 0.0701058201058201
17 0.2390873015873016 0.23809523809523808 0.05357142857142857 0.04365079365079365
17 0.2619047619047619 0.33465608465608465 0.04662698412698413 0.05026455026455026
17 0.32142857142857145 0.28835978835978837 0.031746031746031744 0.03306878306878307
17 0.2123015873015873 0.28835978835978837 0.018849206349206348 0.0582010582010582
18 0.2986111111111111 0.30952380952380953 0.017857142857142856 0.022486772486772486
18 0.3412698412698413 0.23544973544973544 0.015873015873015872 0.01984126984126984
18 0.32936507936507936 0.2619047619047619 0.012896825396825396 0.021164021164021163
18 0.18948412698412698 0.21957671957671956 0.00992063492063492 0.017195767195767195
18 0.23214285714285715 0.17195767195767195 0.011904761904761904 0.01984126984126984